f_ap_bin_1 = 0.42249126075834753
f_ap_bin_2 = 0.7308008287452705
fsigma_8_bin_1 = 0.443512812143059
fsigma_8_bin_2 = 0.4390521919577392
rs_dv_bin_1 = 0.10150117371698406
rs_dv_bin_2 = 0.06895579425866599
