bias_1 = 0.0
bias_2 = -0.001998017804546916
bias_3 = -0.01299480813837513
bias_4 = -0.010996774027339841
bias_5 = 0.00600134212725421
uncorr_bias_1 = 0.0
uncorr_bias_2 = -0.178
uncorr_bias_3 = -1.129
uncorr_bias_4 = -1.419
uncorr_bias_5 = 1.1445
