bin_1 = 0.0
bin_2 = -0.0020806044667355805
bin_3 = -0.013279215474020667
bin_4 = -0.011179933835513078
bin_5 = 0.00600126778342891
