a_s = 1.5510320316765738e-09
age = 13.179695654671226
cosmomc_theta = 1.0632810049634889
cs2_de = 1.0
dastar = 13.24733682151913
h0 = 0.704
hubble = 70.39999999999999
k = 0.0
kd = 0.14493351670351312
keq = 0.01141440160449312
massive_nu = 1
massless_nu = 2.030666666666667
mnu = 0.06
n_eff = 3.0460000000000003
n_s = 0.815
nnu = 3.046
num_nu_massive = 1
num_nu_massless = 2.030666666666667
ombh2 = 0.0225
omch2 = 0.134
omega_b = 0.04539805010330579
omega_c = 0.2703706095041323
omega_k = 0.0
omega_lambda = 0.6829296503766258
omega_m = 0.31707034962337416
omega_nu = 0.001301690015936085
omnuh2 = 0.0006451383989381787
rdrag = 143.4161003266529
rstar = 140.879651960925
s_8 = 0.7309788219849894
s_8_input = 0.729
sigma_8 = 0.7110294782324822
sigma_8_input = 0.7105647252246245
thetad = 0.16362605655949009
thetaeq = 0.7748074838050423
thetarseq = 0.42963584525921206
thetastar = 1.0634564053061475
w = -1.0
wa = 0.0
zdrag = 1061.215809645398
zeq = 3739.9679101383695
zstar = 1090.940380484858
