a_vir_bin_1 = 4.408361979042783
a_vir_bin_2 = 1.79831080323455
b1_bin_1 = 1.947010702313399
b1_bin_2 = 2.070302166158594
b2_bin_1 = 0.3795232409242848
b2_bin_2 = -0.9565441700082911
gamma3_bin_1 = 0.7136244123059932
gamma3_bin_2 = 0.3616914561928457
