# covariance
1.569146694999999915e-07 3.169817079000000202e-09 2.524010453000000026e-09 2.174168326999999919e-08 2.624578847999999799e-09 1.214661430999999924e-09 2.765091530999999988e-08 3.205576785999999794e-09 1.357535662999999982e-09 2.992250621999999712e-08 3.404811988000000038e-09 1.377370875000000042e-09 7.644330014999999559e-10 4.572279979999999760e-10 5.317896581999999962e-10 6.720511860999999530e-10 8.398992883000000214e-10 9.068647252999999683e-10 5.487006119999999939e-10 6.407432225000000368e-10 8.092029429999999553e-10 1.011116812000000066e-09 6.678533768000000198e-12 6.465943663000000293e-12 1.038277137000000034e-11 1.306590508000000024e-11 1.627304988999999906e-11 2.061712282000000149e-11 2.562725586000000011e-11 3.065146274999999829e-11 4.369682181000000193e-11 -3.365085591999999887e-12 3.620568727999999927e-11 3.915954382999999778e-11 3.426504574999999966e-11 3.640337308999999747e-11 4.067557767999999914e-11 4.481119407000000031e-11 1.582257195000000001e-11 7.329300831999999730e-12 2.129546451999999855e-11 2.485005437999999986e-11 2.824754941999999935e-11 3.476674897999999790e-11 4.325457452999999916e-11 5.246237882000000156e-11 2.050655921999999912e-11 6.228012625999999702e-12 2.601888834000000100e-11 2.934838392000000101e-11 3.163076737000000281e-11 3.794274649999999925e-11 4.683120183000000273e-11 5.692426821999999686e-11 2.271340059000000039e-11 6.207787799999999686e-12 2.841896451999999985e-11 3.163999394999999821e-11 3.370759058999999800e-11 3.993787177999999980e-11 4.905590999000000106e-11 5.969621683000000393e-11 2.342943796000000074e-10 -6.408132703000000251e-11 1.598377827999999874e-10 1.612134581999999913e-10 1.082502174000000037e-10 9.213016150000000217e-11 8.389064894999999555e-11 7.455572100000000391e-11 2.816432640999999774e-10 -7.722187297000000229e-11 1.938672972000000021e-10 1.947364647000000088e-10 1.303860365000000110e-10 1.104361914000000006e-10 1.010101586000000030e-10 9.078008625000000507e-11 4.590205641999999914e-10 -1.337134617999999978e-10 3.079912900999999799e-10 3.060472239999999928e-10 1.944242075999999982e-10 1.547827548000000078e-10 1.312694400999999994e-10 1.063729273999999936e-10 5.362947539000000239e-10 -1.579102848999999938e-10 3.578487128000000168e-10 3.546262563999999918e-10 2.225131269000000077e-10 1.742581574000000037e-10 1.445859751999999918e-10 1.133328454000000055e-10 4.491167967000000111e-11 -3.481418944999999878e-12 5.334697038999999815e-11 5.707751960000000110e-11 5.718799553000000036e-11 6.655250970000000338e-11 8.176547781000000555e-11 9.942324503999999551e-11 5.920778487000000012e-11 -1.109122872000000002e-11 6.760169333000000186e-11 7.009595901999999529e-11 6.723299690999999788e-11 7.564441851999999739e-11 9.151764580999999555e-11 1.110626863000000051e-10 6.551607433999999470e-11 -1.384688251000000079e-11 7.400993169999999438e-11 7.617306154000000541e-11 7.195374376000000500e-11 8.004757946000000067e-11 9.632537077000000257e-11 1.168071898999999919e-10 7.762786226000000581e-11 -2.103207964000000111e-11 8.597076951000000264e-11 8.712325975000000156e-11 7.987292565000000498e-11 8.702637597999999813e-11 1.036661056000000031e-10 1.253530328999999886e-10 8.568361211999999559e-11 -2.424809853000000025e-11 9.428647500999999875e-11 9.509733796999999573e-11 8.616374864999999384e-11 9.287924006999999855e-11 1.100095403999999964e-10 1.328818339999999965e-10 9.486158446000000405e-11 -2.710449429999999860e-11 1.040695624999999985e-10 1.046051228000000033e-10 9.402087798000000547e-11 1.004415445000000007e-10 1.182385291999999881e-10 1.426557398999999884e-10
3.169817079000000202e-09 2.505684966999999887e-07 3.849280989000000196e-10 2.622255647999999970e-09 2.342900725999999889e-08 2.714406193000000161e-09 3.201349478999999926e-09 2.954850290999999897e-08 3.190685669000000074e-09 3.399946714999999976e-09 3.191438746999999871e-08 3.331913070999999892e-09 4.481009228999999954e-10 8.870634803000000327e-10 7.114640330000000385e-10 8.450820804999999742e-10 1.074300464000000063e-09 5.383257154000000184e-10 1.056844756999999914e-09 8.561314871000000420e-10 1.017704936999999960e-09 1.292991046000000047e-09 7.677909425000000422e-12 1.057445252999999932e-11 1.093724171999999990e-11 1.622007451000000064e-11 2.089483513999999979e-11 2.624164166000000028e-11 3.253148305999999764e-11 3.900745750999999852e-11 9.240022309999999841e-12 6.745269871000000049e-11 -8.552693960000000328e-13 4.602381996000000256e-11 5.574986778000000322e-11 5.074470271000000089e-11 5.376702799000000255e-11 6.169253132999999885e-11 1.599849501999999945e-11 2.225552756000000047e-11 1.504408043999999922e-11 2.966049922000000081e-11 3.712335369999999743e-11 4.455213570999999885e-11 5.507782233999999730e-11 6.730224940000000240e-11 1.927770805000000035e-11 2.791934960000000156e-11 1.467176353999999841e-11 3.434874911000000101e-11 4.215093324999999865e-11 4.883425813999999881e-11 5.966745627999999516e-11 7.336364648000000136e-11 2.106065146999999852e-11 3.066028898999999975e-11 1.512221562000000062e-11 3.706837340999999872e-11 4.490299634000000105e-11 5.142622899999999809e-11 6.252994611000000040e-11 7.701939378999999549e-11 4.056213408999999799e-12 3.612959109000000230e-10 -7.897749041000000007e-11 1.841164929999999916e-10 2.146866122999999967e-10 1.452215194999999922e-10 1.201058495999999945e-10 1.243454687000000005e-10 1.016407317999999999e-11 4.318641971999999757e-10 -9.631941138000000007e-11 2.188508322000000077e-10 2.550519023999999745e-10 1.725378862000000071e-10 1.433211845000000109e-10 1.503434889000000022e-10 4.401237146000000032e-12 7.063656348000000386e-10 -1.742483482999999990e-10 3.402329159999999749e-10 3.943745507999999815e-10 2.491697008000000122e-10 1.909665199000000113e-10 1.926208486999999919e-10 1.738168705999999922e-12 8.263193733999999511e-10 -2.078514693000000031e-10 3.931526548999999856e-10 4.551025946999999864e-10 2.826898732000000254e-10 2.118572638999999933e-10 2.111912251000000091e-10 4.442306292000000017e-11 5.267439117999999979e-11 1.502259734999999870e-11 6.406292532000000104e-11 7.690945110000000550e-11 8.615891761999999776e-11 1.043920566000000055e-10 1.291360226999999879e-10 5.688539625000000019e-11 6.693163141999999939e-11 1.124041356000000069e-11 7.775749716999999552e-11 9.085525024000000028e-11 9.811040529000000263e-11 1.170770603999999941e-10 1.450766202999999956e-10 6.225756059000000100e-11 7.360277551000000549e-11 1.018732624000000055e-11 8.410792373000000011e-11 9.748375448000000212e-11 1.039376990999999984e-10 1.232594228999999959e-10 1.528249485000000054e-10 7.263127340999999696e-11 8.554041524000000196e-11 6.315929469999999985e-12 9.518737387000000335e-11 1.089531447000000051e-10 1.133331078999999987e-10 1.328116876000000094e-10 1.647343394000000003e-10 7.961775998999999851e-11 9.422564729000000530e-11 5.301186823999999766e-12 1.036879958000000057e-10 1.176712797000000045e-10 1.211018504999999928e-10 1.409997928999999978e-10 1.748766643000000111e-10 8.768429075999999787e-11 1.043364627000000019e-10 5.365145731999999748e-12 1.139173260000000002e-10 1.285625338000000021e-10 1.310278242999999998e-10 1.515569259000000038e-10 1.879230657000000045e-10
2.524010453000000026e-09 3.849280989000000196e-10 3.731429694999999902e-07 1.213639755999999946e-09 2.716842743999999876e-09 2.502709695000000001e-08 1.355402012000000043e-09 3.194771441000000072e-09 3.125964582000000257e-08 1.374803998999999935e-09 3.336474582999999920e-09 3.365937315999999770e-08 5.053530328000000367e-10 6.926378105999999691e-10 1.130156946000000037e-09 1.107020961999999993e-09 1.350156207000000059e-09 6.087177663999999959e-10 8.322306832999999953e-10 1.353223558000000057e-09 1.332117771000000087e-09 1.625340909000000072e-09 8.896222466999999494e-12 1.233032753999999974e-11 1.599803467999999996e-11 1.876526420999999964e-11 2.619877554999999982e-11 3.361739980000000081e-11 4.153399725000000299e-11 4.960083179999999740e-11 9.085116563000000792e-12 1.129060595999999946e-11 8.774196149000000388e-11 8.260163272000000587e-12 6.569598344999999647e-11 8.192327890999999568e-11 7.802561421999999530e-11 8.007299081999999506e-11 1.571963892999999907e-11 2.321187101000000039e-11 2.999236063000000267e-11 2.818524467000000081e-11 4.544560438999999816e-11 5.810345668000000084e-11 7.109552784999999400e-11 8.591055182999999817e-11 1.767033551000000154e-11 2.689061274000000055e-11 3.574496437000000146e-11 2.896949267999999975e-11 5.081049449000000162e-11 6.431199081000000064e-11 7.751946868999999500e-11 9.370349523999999710e-11 1.886426541999999949e-11 2.905417850000000085e-11 3.888261186999999887e-11 2.997110485999999702e-11 5.404176983000000121e-11 6.796385513000000183e-11 8.136553837999999634e-11 9.839369509999999947e-11 -3.153523164999999804e-12 -1.420816944000000044e-11 4.566458376000000218e-10 -7.428737877000000274e-11 2.426663841000000167e-10 2.950868842000000162e-10 2.131013752999999953e-10 1.680014004999999924e-10 -1.238103880999999972e-12 -1.019332360000000009e-11 5.394530330999999533e-10 -9.306151490999999822e-11 2.827852843999999921e-10 3.458367693000000105e-10 2.513073231000000050e-10 2.013029309000000009e-10 -1.501988892000000007e-11 -3.444097933999999805e-11 8.763094978999999681e-10 -1.827261073000000102e-10 4.294418910999999888e-10 5.240330460999999962e-10 3.552394752000000130e-10 2.598645851999999923e-10 -2.087913840000000012e-11 -4.483421699000000018e-11 1.023176516000000007e-09 -2.215953964999999914e-10 4.931754255000000089e-10 6.014456603999999649e-10 4.004240364000000152e-10 2.854461178000000083e-10 3.445734663000000192e-11 5.585260035000000316e-11 6.112335920000000497e-11 4.338267687000000147e-11 9.131765831000000281e-11 1.146167635999999936e-10 1.372660356999999909e-10 1.666873925999999957e-10 4.100280012999999722e-11 6.891345331999999698e-11 7.423965178999999996e-11 4.400373462999999963e-11 1.068219390999999974e-10 1.321358698999999927e-10 1.550589129000000078e-10 1.878192247999999958e-10 4.416116929999999892e-11 7.475760692999999945e-11 8.065638509000000011e-11 4.515068709000000000e-11 1.142158594000000017e-10 1.404337988999999925e-10 1.635737205000000090e-10 1.979760935999999916e-10 4.959015784999999917e-11 8.547968651000000135e-11 9.129432589999999522e-11 4.528094468999999729e-11 1.266837729000000121e-10 1.543533987999999995e-10 1.773576326999999893e-10 2.140398252000000073e-10 5.386077934000000139e-11 9.307490052999999566e-11 1.000048117999999961e-10 4.716190320000000186e-11 1.366747565999999911e-10 1.654090455999999925e-10 1.885766300999999996e-10 2.273753839999999923e-10 5.922665408000000328e-11 1.024240913999999968e-10 1.104728743000000025e-10 5.096444559999999847e-11 1.491030795000000046e-10 1.792966669000000023e-10 2.029810999000000112e-10 2.444348844999999757e-10
2.174168326999999919e-08 2.622255647999999970e-09 1.213639755999999946e-09 1.344375213999999922e-07 5.635373847000000108e-09 3.041950271999999873e-09 5.317614708000000173e-08 6.154112960000000323e-09 2.209225498999999896e-09 5.953045116000000322e-08 6.763568718000000247e-09 2.290052410000000155e-09 3.467391925999999891e-09 9.359040016000000294e-10 7.907558794000000106e-10 9.874544312000000373e-10 1.197904168999999990e-09 4.083364323999999834e-09 1.116435869999999928e-09 9.521358767999999277e-10 1.188677695000000045e-09 1.442804708000000026e-09 9.275431220999999410e-12 9.740218036000000400e-12 1.467454541999999904e-11 1.862913336999999949e-11 2.345959163000000139e-11 2.985235234000000180e-11 3.718791847000000103e-11 4.453088861000000240e-11 1.476852539999999965e-11 1.131685445999999921e-11 2.188519082999999988e-11 2.690761616999999876e-11 3.278516215999999771e-11 4.150277194999999797e-11 5.192398540000000014e-11 6.260366286000000157e-11 4.470115266000000244e-11 4.084892325999999670e-12 4.393456053000000191e-11 4.900499513000000238e-11 4.844286075000000148e-11 5.557464273000000219e-11 6.607965077999999893e-11 7.747585077999999676e-11 2.821432047999999899e-11 1.005178977000000036e-11 3.603010079999999736e-11 4.100129026000000030e-11 4.526027723999999780e-11 5.476442546000000022e-11 6.788234626999999744e-11 8.280970347000000382e-11 3.124716570999999723e-11 9.999410370999999233e-12 3.930098430999999855e-11 4.425376924999999872e-11 4.806304172000000070e-11 5.758987859999999936e-11 7.109616728000000026e-11 8.685199331000000580e-11 2.674555888000000059e-11 9.368874156999999996e-12 3.654193544000000182e-11 4.263401162000000070e-11 4.887686573999999900e-11 6.068456421000000177e-11 7.585012622999999609e-11 9.171770539000000146e-11 1.178817686000000041e-10 -2.158089423999999928e-11 9.961380282000000290e-11 1.044950963000000040e-10 8.857420017999999950e-11 9.285377829999999477e-11 1.042076065000000057e-10 1.170976131000000098e-10 5.889725158999999527e-11 -7.210497391000000019e-12 6.779561522999999573e-11 7.210853354000000551e-11 7.226024350000000593e-11 8.360386281999999408e-11 1.020475249000000018e-10 1.233815098000000037e-10 6.556906617000000423e-11 -1.095485564000000026e-11 7.414738394000000123e-11 7.794921302999999676e-11 7.649526211000000225e-11 8.741180059000000429e-11 1.060576612000000006e-10 1.281079888999999966e-10 4.252775375999999782e-10 -1.226770514000000071e-10 3.005845103999999775e-10 3.009908373999999850e-10 2.066884346000000067e-10 1.802879771000000037e-10 1.717975929999999909e-10 1.642157788999999925e-10 3.971705830000000168e-10 -1.222696703999999986e-10 2.910902281999999958e-10 2.901213451999999903e-10 2.037707539999999937e-10 1.816867231999999905e-10 1.787692388999999906e-10 1.790912832999999997e-10 4.607739890999999818e-10 -1.446123654999999910e-10 3.344171666999999901e-10 3.320259585000000187e-10 2.293260163000000022e-10 2.006841519999999915e-10 1.937866140999999910e-10 1.905241632999999880e-10 1.510422334999999898e-10 -6.170675687000000552e-11 1.479328614000000038e-10 1.468626632999999936e-10 1.277440067000000056e-10 1.343090437000000128e-10 1.565983707000000005e-10 1.867448137999999996e-10 1.700975445999999972e-10 -7.244253417999999407e-11 1.647372424000000023e-10 1.625180178999999946e-10 1.392082078999999929e-10 1.444392823999999938e-10 1.670124908999999873e-10 1.984934157000000082e-10 1.921362507999999893e-10 -8.371391422000000450e-11 1.845730651999999880e-10 1.812602167999999986e-10 1.534432762999999967e-10 1.573328435000000043e-10 1.803943535000000059e-10 2.136925450000000030e-10
2.624578847999999799e-09 2.342900725999999889e-08 2.716842743999999876e-09 5.635373847000000108e-09 1.989650835999999888e-07 3.684352654000000201e-09 6.151442356000000412e-09 5.454593394000000064e-08 5.729335635000000084e-09 6.759870523000000018e-09 6.100610987999999447e-08 6.183496646000000402e-09 9.245799937999999911e-10 3.241534084999999972e-09 1.258091690000000027e-09 1.214334228000000020e-09 1.592551473000000013e-09 1.103696014000000011e-09 3.830310340000000047e-09 1.507723467999999898e-09 1.462839409000000000e-09 1.916025643999999838e-09 1.087015703999999922e-11 1.498890396000000002e-11 1.623378627000000087e-11 2.332462004999999965e-11 3.015222236999999843e-11 3.810272489000000257e-11 4.735889028000000158e-11 5.682858115000000246e-11 1.663183902999999922e-11 2.226850534999999933e-11 2.047525875000000144e-11 3.311860438000000061e-11 4.251096963999999987e-11 5.311828711000000269e-11 6.626433845000000107e-11 8.019779773000000240e-11 2.064368646999999899e-11 6.690238080000000079e-11 1.260910043000000055e-11 5.808438029000000022e-11 7.123688808000000176e-11 7.430119671999999998e-11 8.582266073000000082e-11 1.026409368000000049e-10 2.713968380000000111e-11 3.856068927000000191e-11 2.238812704999999935e-11 4.870541283999999930e-11 5.989724339999999969e-11 7.051831682999999595e-11 8.677941871999999964e-11 1.068444870999999984e-10 2.947919958000000186e-11 4.239462019999999987e-11 2.308782365999999984e-11 5.233114029999999765e-11 6.382339001000000406e-11 7.421759258999999678e-11 9.091858644999999778e-11 1.121649130000000027e-10 2.978963884999999800e-11 3.556002472000000185e-11 2.421238022999999944e-11 5.082352347000000127e-11 6.410544448000000316e-11 7.806478708000000120e-11 9.701917541999999973e-11 1.182585075000000082e-10 3.828378804999999684e-11 1.690801913999999999e-10 -1.039427465999999943e-11 1.194587195999999914e-10 1.423891225999999900e-10 1.289883256000000014e-10 1.380069535999999962e-10 1.616946380999999982e-10 5.718555461999999719e-11 6.717426692999999593e-11 1.656613002999999846e-11 8.099911841000000592e-11 9.669690935000000063e-11 1.081450650999999941e-10 1.307661889999999952e-10 1.608373477000000010e-10 6.259508110999999617e-11 7.378348496999999915e-11 1.453656997000000068e-11 8.685465686000000049e-11 1.028050785000000040e-10 1.131360069999999986e-10 1.359299935000000021e-10 1.672912214999999957e-10 4.135385910999999922e-11 6.330649519999999984e-10 -1.391064786000000012e-10 3.351455207000000161e-10 3.896511043000000138e-10 2.745784035999999930e-10 2.392833000999999759e-10 2.598287915000000255e-10 6.974125288000000627e-11 5.702642337999999855e-10 -1.253766142000000013e-10 3.177318898000000224e-10 3.675791613000000155e-10 2.689524377000000073e-10 2.445442556999999877e-10 2.728008952999999877e-10 7.545178299999999711e-11 6.630147564000000379e-10 -1.517362712000000036e-10 3.624259763999999997e-10 4.182708352000000107e-10 2.992813338999999972e-10 2.662878531000000229e-10 2.946811729999999829e-10 1.281022213999999986e-10 1.527285485999999947e-10 -1.577617235000000157e-11 1.534281455000000122e-10 1.741214078999999908e-10 1.734029153000000030e-10 2.000305363999999927e-10 2.471398727000000064e-10 1.425676733000000028e-10 1.710223923999999928e-10 -2.178674834999999848e-11 1.687501537999999907e-10 1.901905998999999921e-10 1.864032127000000070e-10 2.131058570000000072e-10 2.633773949000000174e-10 1.594914376999999963e-10 1.926312780999999960e-10 -2.730561758000000140e-11 1.874171429000000122e-10 2.099388639999999913e-10 2.029753414000000119e-10 2.300184382000000073e-10 2.839985011000000184e-10
1.214661430999999924e-09 2.714406193000000161e-09 2.502709695000000001e-08 3.041950271999999873e-09 3.684352654000000201e-09 2.826996272000000237e-07 2.207651844000000027e-09 5.731629241000000059e-09 5.490456772000000014e-08 2.287804916000000123e-09 6.186585948999999630e-09 6.120926695999999878e-08 7.531792889999999745e-10 1.228544926000000043e-09 3.110772061999999964e-09 1.773303531999999963e-09 1.935791243000000173e-09 9.066097476000000328e-10 1.470350732999999971e-09 3.690617056999999918e-09 2.129232680000000046e-09 2.331194746000000185e-09 1.287488478999999922e-11 1.766311343999999973e-11 2.294881332000000151e-11 2.752451890999999979e-11 3.784244934000000254e-11 4.864130439000000321e-11 6.028771970000000459e-11 7.211290147000000244e-11 1.813403643999999882e-11 2.555898739000000076e-11 3.247843482000000110e-11 3.621703842000000100e-11 5.295146679000000246e-11 6.835393172999999895e-11 8.483796560999999617e-11 1.020969357000000001e-10 2.040584369999999872e-11 2.835387597999999989e-11 8.763110026999999837e-11 3.030739354999999939e-11 8.534403564999999458e-11 1.076892820000000041e-10 1.166951569000000008e-10 1.317954324999999966e-10 2.566786685000000158e-11 3.833888937999999951e-11 5.014114043999999871e-11 4.294996095000000266e-11 7.276988294000000335e-11 9.235330171000000540e-11 1.122841708000000026e-10 1.363531380999999984e-10 2.743933745000000144e-11 4.129523336999999800e-11 5.440338260000000187e-11 4.470323991999999695e-11 7.723178342000000245e-11 9.747334170999999375e-11 1.178324906999999888e-10 1.431892239999999902e-10 2.806973904999999936e-11 4.174585413999999775e-11 4.792806713000000077e-11 4.844966774000000213e-11 7.885301133000000006e-11 1.014716526000000036e-10 1.254498878000000100e-10 1.516072450999999966e-10 2.945121123999999910e-11 4.278365652999999973e-11 2.110070056000000067e-10 1.661780670000000037e-11 1.656976270999999974e-10 2.059102738999999962e-10 1.997624933000000049e-10 2.106683612999999890e-10 4.359975126999999957e-11 7.112530698000000333e-11 7.613751725999999455e-11 5.243654943999999915e-11 1.147583672999999975e-10 1.439186767999999913e-10 1.715479325999999939e-10 2.073258995000000107e-10 4.648324645000000226e-11 7.682535796999999789e-11 8.182586317999999406e-11 5.251349121000000020e-11 1.212553199000000060e-10 1.511736871999999893e-10 1.787885770999999934e-10 2.158143400000000003e-10 1.627902084999999952e-11 1.661305530000000082e-11 7.784263701999999989e-10 -1.204654419999999912e-10 4.318747178999999905e-10 5.278232558999999758e-10 4.032851285999999966e-10 3.454462562999999941e-10 3.469637328999999769e-11 5.318851319000000087e-11 6.844537272999999891e-10 -9.500779452999999904e-11 4.040637525000000159e-10 4.939420321999999542e-10 3.961223111000000041e-10 3.601625527999999745e-10 3.493706647000000165e-11 5.400799367999999870e-11 7.942411101999999902e-10 -1.217551983999999955e-10 4.571765082000000118e-10 5.578010922999999638e-10 4.375941699000000173e-10 3.897118940999999957e-10 8.278020096000000489e-11 1.452108141999999936e-10 1.431867024999999919e-10 5.107299886000000162e-11 1.951408798000000080e-10 2.373606890000000245e-10 2.680578573999999874e-10 3.197278633999999918e-10 9.096844288999999358e-11 1.605727093000000043e-10 1.579251875000000081e-10 5.124821074000000054e-11 2.119378420000000019e-10 2.561838000000000103e-10 2.865437624000000006e-10 3.406028031000000238e-10 1.011300225000000007e-10 1.790730072000000123e-10 1.761017864999999986e-10 5.336329477000000019e-11 2.329684741999999766e-10 2.796910386999999751e-10 3.099296813000000029e-10 3.673416335000000235e-10
2.765091530999999988e-08 3.201349478999999926e-09 1.355402012000000043e-09 5.317614708000000173e-08 6.151442356000000412e-09 2.207651844000000027e-09 2.098684310000000120e-07 1.114318450000000017e-08 4.249807514999999611e-09 9.908756630999999752e-08 1.090629378999999970e-08 2.956828019000000144e-09 1.100135471000000078e-08 1.831144107000000021e-09 8.702996905000000207e-10 1.050098726000000077e-09 1.158448514000000025e-09 1.292532824999999952e-08 2.169084365000000026e-09 1.045934605000000068e-09 1.263135458999999937e-09 1.397580375999999903e-09 9.694104850000000439e-12 1.003052150000000042e-11 1.525185602000000029e-11 1.931772807999999865e-11 2.425321900000000056e-11 3.082766064999999708e-11 3.838364573000000094e-11 4.595576517000000119e-11 1.572668896999999947e-11 1.145565704000000071e-11 2.306869015999999889e-11 2.820355974999999848e-11 3.411825813999999891e-11 4.305825542999999795e-11 5.380331036999999682e-11 6.483121992999999949e-11 2.422084699999999921e-11 1.083000299000000013e-11 3.205694841999999909e-11 3.734911257999999787e-11 4.263531116000000318e-11 5.245340783999999862e-11 6.527571497000000217e-11 7.919441861000000425e-11 6.317623480999999932e-11 -1.892712451000000090e-12 5.898786102999999987e-11 6.349706565999999774e-11 5.874892989999999688e-11 6.472308420000000052e-11 7.538413296000000482e-11 8.784857913000000183e-11 3.733431049999999895e-11 7.095699751999999940e-12 4.435434732999999862e-11 4.902968967999999690e-11 5.160785553000000188e-11 6.085589318000000521e-11 7.454226567999999532e-11 9.054124136000000534e-11 2.938480795999999757e-11 8.300806513999999603e-12 3.957938897999999747e-11 4.566177408000000100e-11 5.159854115000000104e-11 6.359819971000000290e-11 7.924432467999999541e-11 9.568690745000000444e-11 5.057900672999999894e-11 -2.171259861000000149e-12 6.012862304000000199e-11 6.535407424000000401e-11 6.787042948000000037e-11 8.006549201999999604e-11 9.837630043999999610e-11 1.187579365000000064e-10 1.728392571999999923e-10 -5.021808234000000210e-11 1.418812239999999881e-10 1.440385988999999903e-10 1.140207129000000053e-10 1.135155585000000042e-10 1.231896174999999924e-10 1.355587820000000028e-10 8.534787216000000205e-11 -2.505302942000000016e-11 8.998803145000000347e-11 9.209178704999999802e-11 8.604162590999999891e-11 9.531597611999999988e-11 1.136261447000000002e-10 1.356636183000000110e-10 9.606437000999999781e-11 -2.852466686999999903e-11 9.997280092000000219e-11 1.027292135000000051e-10 9.644736539999999818e-11 1.076824142999999978e-10 1.289742066999999969e-10 1.546630647999999975e-10 3.798572141999999951e-10 -1.372558387999999885e-10 2.858801643000000197e-10 2.819649458000000065e-10 2.004090573999999883e-10 1.822391093999999921e-10 1.824000272000000010e-10 1.876924927999999916e-10 1.732736746000000078e-10 -7.967059958999999869e-11 1.610353964000000119e-10 1.582005960999999988e-10 1.335786480999999974e-10 1.378393637999999873e-10 1.582921719999999907e-10 1.856902198000000112e-10 1.006020294000000034e-09 -3.632538975000000035e-10 6.878337024999999930e-10 6.707964097999999628e-10 4.240886914000000194e-10 3.370911764999999999e-10 2.890773274999999841e-10 2.430682129999999899e-10 7.290866932999999874e-10 -2.901433319999999775e-10 5.209765598000000048e-10 5.049230222000000188e-10 3.326057509000000018e-10 2.785234868000000207e-10 2.559145584999999769e-10 2.404222064999999993e-10 3.266650434000000222e-10 -1.800247182000000054e-10 2.756080881999999937e-10 2.626135252999999752e-10 2.007944004000000058e-10 1.913047944000000029e-10 2.082421314999999893e-10 2.345066179999999991e-10
3.205576785999999794e-09 2.954850290999999897e-08 3.194771441000000072e-09 6.154112960000000323e-09 5.454593394000000064e-08 5.731629241000000059e-09 1.114318450000000017e-08 2.911427379999999778e-07 7.738986309999999455e-09 1.090515734000000057e-08 1.001931785000000016e-07 9.435734846999999491e-09 1.821030795999999934e-09 9.483479663999999921e-09 1.993273296999999864e-09 1.195418437000000041e-09 1.723516080999999913e-09 2.157829187000000062e-09 1.116619753999999997e-08 2.372665786000000126e-09 1.441498197000000049e-09 2.071366164999999825e-09 1.128093695999999973e-11 1.567548069000000008e-11 1.676936444000000081e-11 2.423249469999999895e-11 3.129239855999999908e-11 3.947452988000000201e-11 4.903149639000000232e-11 5.883867144999999452e-11 1.754349326999999963e-11 2.358077788000000146e-11 2.105036115000000105e-11 3.472121626999999937e-11 4.446564390999999824e-11 5.532455697999999717e-11 6.889351141000000467e-11 8.338505721999999828e-11 2.441174198000000092e-11 3.375112085999999864e-11 2.270946112000000005e-11 4.496732878999999720e-11 5.614678655000000256e-11 6.759893679000000487e-11 8.363872891999999408e-11 1.022733525000000057e-10 2.785661702999999903e-11 9.074290735000000122e-11 8.004355242000000374e-12 7.368950324999999560e-11 8.845123636999999953e-11 8.747569074999999360e-11 9.861022286999999964e-11 1.179581954000000106e-10 3.334276144000000114e-11 4.851830945000000239e-11 2.138132530000000065e-11 5.720068241999999931e-11 6.912244412999999420e-11 7.874914330000000577e-11 9.563111519000000133e-11 1.176275123000000004e-10 3.254239031999999776e-11 3.837925255999999718e-11 2.430266982999999841e-11 5.426488825999999768e-11 6.807754228999999916e-11 8.219801146999999803e-11 1.017758228000000020e-10 1.240124238999999873e-10 5.087481994999999988e-11 5.906035851999999707e-11 1.991909875999999877e-11 7.473197447999999666e-11 9.036363798000000560e-11 1.037456190999999982e-10 1.264346712999999887e-10 1.548892200999999934e-10 6.063701269999999463e-11 2.345415887000000013e-10 -3.396925005999999817e-11 1.598803354000000011e-10 1.865350431999999914e-10 1.593388036999999936e-10 1.641791696999999912e-10 1.910787120999999909e-10 7.639652876000000322e-11 9.086805383000000521e-11 5.049465235000000047e-12 1.002540394999999985e-10 1.166734402999999950e-10 1.238670350999999924e-10 1.459660361000000102e-10 1.788453785999999962e-10 8.631816215999999912e-11 1.009313747000000026e-10 5.229956627000000070e-12 1.112183680000000061e-10 1.300484378000000023e-10 1.391253296999999910e-10 1.653518501000000078e-10 2.034480400999999955e-10 1.040096432999999957e-10 5.100995876999999670e-10 -1.221401781000000004e-10 3.026176575999999768e-10 3.472094382000000010e-10 2.622109985000000094e-10 2.465582251000000122e-10 2.787088631000000187e-10 1.394303572999999997e-10 1.696526554000000048e-10 -3.075193915000000024e-11 1.621844103000000054e-10 1.830339672000000027e-10 1.777270190999999915e-10 2.020065841000000110e-10 2.477953639000000152e-10 1.175033553999999996e-10 1.433926857000000071e-09 -4.050627024999999880e-10 7.193319247000000277e-10 8.212672326999999936e-10 5.243631451999999537e-10 4.101460648000000033e-10 4.249658146000000142e-10 1.690666646999999947e-10 9.712174706999999208e-10 -2.824549260999999884e-10 5.290779119000000484e-10 5.994713980000000433e-10 4.100633054000000053e-10 3.502589858999999743e-10 3.816267786999999836e-10 2.373152696999999813e-10 3.045222180000000256e-10 -1.034012469000000054e-10 2.553741043999999970e-10 2.794609614000000028e-10 2.450799068999999901e-10 2.624538124999999833e-10 3.188556563000000012e-10
1.357535662999999982e-09 3.190685669000000074e-09 3.125964582000000257e-08 2.209225498999999896e-09 5.729335635000000084e-09 5.490456772000000014e-08 4.249807514999999611e-09 7.738986309999999455e-09 3.944542511000000251e-07 2.956088065999999982e-09 9.436621292999999401e-09 9.836340489999999713e-08 8.325448318000000314e-10 1.961449067999999989e-09 7.856343856999999980e-09 2.339594542000000033e-09 1.900265961000000034e-09 1.000186354000000092e-09 2.332495322000000089e-09 9.263475011999999314e-09 2.795821653999999850e-09 2.291198916999999816e-09 1.331813647999999986e-11 1.828506356000000056e-11 2.390516143999999862e-11 2.841077358999999969e-11 3.922211930000000009e-11 5.039460808000000143e-11 6.240026584000000260e-11 7.462148043999999696e-11 1.891631740000000124e-11 2.675661971999999954e-11 3.413998715999999825e-11 3.742043544000000298e-11 5.527920250999999685e-11 7.128536976999999721e-11 8.829720912000000203e-11 1.061889609000000017e-10 2.404906086999999876e-11 3.523706711000000227e-11 4.531126199000000161e-11 4.259304707999999709e-11 6.882655437000000530e-11 8.798290769999999783e-11 1.078077656000000031e-10 1.304702759999999942e-10 2.436327050000000135e-11 3.559190548000000203e-11 1.139963857999999951e-10 2.845390792999999892e-11 1.039696804999999972e-10 1.298355147999999967e-10 1.361397102000000018e-10 1.519614288999999924e-10 2.953011654999999820e-11 4.536665834999999913e-11 5.968495033000000452e-11 4.462417098000000129e-11 8.281732108000000002e-11 1.040598900000000016e-10 1.242939060999999944e-10 1.503777463999999934e-10 2.989105709999999920e-11 4.486682393999999983e-11 5.100681527000000122e-11 5.004726746000000171e-11 8.355053937999999377e-11 1.072051077999999973e-10 1.319953273000000101e-10 1.593086344999999876e-10 4.070308749000000129e-11 6.463558845000000036e-11 6.978764105000000554e-11 5.386600409000000116e-11 1.086324682000000005e-10 1.372318714999999986e-10 1.653004318000000106e-10 1.996093668000000055e-10 3.900309451999999991e-11 6.247895818000000058e-11 2.793617425999999965e-10 1.383803114999999921e-12 2.124701415000000114e-10 2.605177881000000211e-10 2.430633106000000034e-10 2.506554997000000002e-10 5.305141623000000265e-11 9.052138777999999519e-11 9.361339767000000138e-11 4.865697566000000014e-11 1.353209872999999893e-10 1.669828031000000071e-10 1.935824284000000111e-10 2.312386782999999973e-10 6.080577104000000144e-11 1.023548581999999940e-10 1.024163735999999941e-10 5.522692964000000297e-11 1.508122842999999977e-10 1.870010907999999969e-10 2.186901759999999947e-10 2.625722750000000056e-10 5.464609075999999997e-11 9.302793615000000013e-11 5.867585477000000097e-10 -7.386596851999999460e-11 3.807128545999999834e-10 4.616435163000000119e-10 3.871632954000000192e-10 3.681660577999999992e-10 8.655975262999999469e-11 1.549560750999999998e-10 1.507282883000000032e-10 4.015484543000000275e-11 2.016675298000000022e-10 2.445166651000000162e-10 2.719366953999999923e-10 3.201721622000000053e-10 2.527026179999999963e-11 4.450360533999999726e-11 1.690268886000000038e-09 -3.777778648999999790e-10 8.785851345000000317e-10 1.060781449000000035e-09 7.399361799999999722e-10 5.709334420999999543e-10 7.140150925000000397e-11 1.331183515000000095e-10 1.092690852999999972e-09 -2.213867846999999929e-10 6.370359531000000240e-10 7.655519745000000465e-10 5.837095611000000275e-10 5.066356132000000086e-10 1.333883455999999926e-10 2.522500628000000053e-10 2.412873239999999815e-10 4.681968720000000323e-12 2.927885599999999744e-10 3.451218771999999782e-10 3.593920995000000124e-10 4.120447866000000227e-10
2.992250621999999712e-08 3.399946714999999976e-09 1.374803998999999935e-09 5.953045116000000322e-08 6.759870523000000018e-09 2.287804916000000123e-09 9.908756630999999752e-08 1.090515734000000057e-08 2.956088065999999982e-09 2.564619798000000007e-07 1.536527270000000151e-08 4.739029879000000063e-09 1.656630546999999951e-08 2.474863428000000167e-09 8.922044743999999517e-10 1.052068973000000065e-09 1.069666059999999911e-09 1.945525543999999921e-08 2.924697132000000172e-09 1.068449676000000011e-09 1.259441248000000044e-09 1.287873563999999932e-09 9.561055789999999564e-12 9.705405971999999732e-12 1.494635818999999902e-11 1.888900927999999953e-11 2.364289813000000013e-11 3.001438976999999690e-11 3.735187403000000061e-11 4.470957188000000223e-11 1.568858834000000088e-11 1.094049778999999994e-11 2.281017010000000120e-11 2.776582387999999857e-11 3.339611676999999756e-11 4.204223832999999968e-11 5.247317293999999905e-11 6.319638808999999829e-11 2.466234585000000066e-11 9.881186555000000501e-12 3.212755005000000241e-11 3.716455256000000318e-11 4.199171036000000171e-11 5.140743137999999780e-11 6.381023421000000293e-11 7.730787907999999685e-11 3.472177911999999956e-11 6.096914594999999703e-12 4.107592327999999822e-11 4.549980176000000115e-11 4.804646950999999873e-11 5.684436518000000115e-11 6.966409168000000230e-11 8.434625397000000164e-11 7.339674534999999676e-11 -6.243540372000000181e-12 6.668835430000000114e-11 7.058672952999999358e-11 6.304616615999999639e-11 6.803616895999999835e-11 7.800861087999999423e-11 9.039098399999999688e-11 2.969528899999999940e-11 7.247617009999999738e-12 3.965030510999999817e-11 4.545643089000000206e-11 5.087477820999999969e-11 6.243827149000000065e-11 7.763014665000000005e-11 9.364244663999999505e-11 5.241448581000000084e-11 -4.669207621000000021e-12 6.139511483000000556e-11 6.612743165000000406e-11 6.765870898999999388e-11 7.913624192000000214e-11 9.681172582999999976e-11 1.165645695000000005e-10 8.026526810000000309e-11 -2.368835505999999950e-11 8.465758130999999764e-11 8.678481525000000228e-11 8.137336564999999531e-11 9.039607333999999635e-11 1.077981544999999964e-10 1.284274053999999977e-10 2.033153343999999971e-10 -6.809582912000000152e-11 1.637177972999999962e-10 1.637732592999999980e-10 1.252286345999999971e-10 1.213134852000000012e-10 1.287916574999999926e-10 1.396144663999999900e-10 1.025537212000000000e-10 -3.513692736999999885e-11 1.046581114000000055e-10 1.064249001000000007e-10 9.776260689999999618e-11 1.076694723999999942e-10 1.278697406999999895e-10 1.525768352999999968e-10 1.660880094999999965e-10 -7.874952914999999424e-11 1.534394994999999878e-10 1.504379809000000069e-10 1.264552201999999957e-10 1.301891564999999929e-10 1.491470006000000037e-10 1.741793825000000020e-10 4.542538727000000110e-10 -1.800854258000000109e-10 3.370597856999999866e-10 3.286482600000000010e-10 2.274006985000000102e-10 2.012492398000000100e-10 1.970234928999999922e-10 1.976803687999999893e-10 2.762541749999999892e-10 -1.545230865999999917e-10 2.340736084999999853e-10 2.224333882999999958e-10 1.713686428000000036e-10 1.645646500000000072e-10 1.801083185999999912e-10 2.029127822000000102e-10 7.578176622999999851e-10 -3.224870126999999874e-10 5.398963784999999528e-10 5.190523673999999969e-10 3.386117218000000126e-10 2.815463178000000131e-10 2.577235201999999993e-10 2.394078553999999998e-10 1.399415940999999964e-09 -5.406811696000000426e-10 9.454869543000000512e-10 9.131613931000000353e-10 5.645405432999999579e-10 4.366249751000000062e-10 3.604372570000000109e-10 2.883307256999999903e-10
3.404811988000000038e-09 3.191438746999999871e-08 3.336474582999999920e-09 6.763568718000000247e-09 6.100610987999999447e-08 6.186585948999999630e-09 1.090629378999999970e-08 1.001931785000000016e-07 9.436621292999999401e-09 1.536527270000000151e-08 3.437013773999999863e-07 1.089416902000000042e-08 2.465677528999999921e-09 1.407661536999999957e-08 2.485388065999999942e-09 1.112710136000000003e-09 1.734254376999999918e-09 2.914532499000000095e-09 1.656504014999999851e-08 2.952747639999999996e-09 1.348917194999999944e-09 2.088181464999999929e-09 1.104307716999999998e-11 1.541949505000000106e-11 1.627657217000000059e-11 2.369469436000000127e-11 3.056700382999999893e-11 3.848978593000000246e-11 4.778162603000000263e-11 5.732918759000000055e-11 1.734243138000000028e-11 2.338524747999999994e-11 2.035246042000000070e-11 3.414274647999999750e-11 4.364469145000000275e-11 5.411563471999999936e-11 6.729709093999999921e-11 8.144080736000000078e-11 2.445342573999999901e-11 3.397847367999999703e-11 2.161777921999999890e-11 4.459639664999999896e-11 5.549346557999999832e-11 6.637087531999999667e-11 8.189264274999999665e-11 1.000741683000000021e-10 3.098204780999999846e-11 4.483133364000000139e-11 1.944517096000000026e-11 5.307050659999999906e-11 6.439082711000000547e-11 7.363403384000000276e-11 8.950464906999999428e-11 1.097587269000000026e-10 3.177427679999999754e-11 1.027891312000000038e-10 4.254236526000000240e-12 8.079483607000000383e-11 9.599088064000000576e-11 9.217601422999999737e-11 1.023636698000000013e-10 1.221662464999999915e-10 3.270492612999999687e-11 3.841981580999999823e-11 2.317457991999999930e-11 5.386311072999999692e-11 6.737602496999999810e-11 8.086886516999999951e-11 9.988830185999999710e-11 1.216701912999999957e-10 5.213449021999999860e-11 6.032661256999999717e-11 1.766686971000000095e-11 7.519829170999999527e-11 9.043527319999999844e-11 1.027796398999999952e-10 1.246492719999999972e-10 1.525251045000000034e-10 7.201573404999999844e-11 8.527014131000000044e-11 4.847556077000000090e-12 9.461265835999999476e-11 1.104005908000000063e-10 1.176226954000000018e-10 1.387116091000000064e-10 1.695788607000000023e-10 7.310865158999999750e-11 2.676361353000000205e-10 -4.959788032000000226e-11 1.787993547999999950e-10 2.063999325999999993e-10 1.706650155999999956e-10 1.721913101999999893e-10 1.989698385999999898e-10 9.064488352999999398e-11 1.060177387999999995e-10 -1.886378719999999964e-13 1.140637704999999938e-10 1.324738763000000009e-10 1.393331878999999939e-10 1.641725723000000020e-10 2.015236971000000105e-10 1.331636400999999999e-10 1.615525426999999981e-10 -3.206789201000000305e-11 1.537874728000000077e-10 1.735958499000000117e-10 1.680682031000000073e-10 1.905953121999999948e-10 2.330766231999999745e-10 1.331558049000000006e-10 5.898978261000000083e-10 -1.602054977000000038e-10 3.463116177999999880e-10 3.936388721999999860e-10 2.893785720999999997e-10 2.652741843999999780e-10 2.981588726000000093e-10 2.021484441000000109e-10 2.566613612999999769e-10 -8.926126530999999392e-11 2.171067603999999915e-10 2.382877359999999971e-10 2.111876002000000006e-10 2.277656460000000124e-10 2.762027848000000179e-10 2.011981159000000018e-10 9.729583320000000127e-10 -3.049083643999999835e-10 5.353368514000000465e-10 6.019597388000000251e-10 4.103047931000000246e-10 3.490881194000000258e-10 3.803863004999999980e-10 1.953537481999999886e-10 1.933363183000000170e-09 -5.912589076999999952e-10 9.600185196999999795e-10 1.087293384999999958e-09 6.753019424999999519e-10 5.105095423999999716e-10 5.198137569000000194e-10
