a_vir_bin_1 = 4.13644140147834
a_vir_bin_2 = 1.182971560729123
b1_bin_1 = 2.0000649045142107
b1_bin_2 = 2.1285514774558463
b2_bin_1 = 0.2998993015907126
b2_bin_2 = -1.1500268823958746
gamma3_bin_1 = 0.6951239807557924
gamma3_bin_2 = 0.36878621385356847
