f_ap_bin_1 = 0.42342142057201276
f_ap_bin_2 = 0.7331423120353464
fsigma_8_bin_1 = 0.45662568703333073
fsigma_8_bin_2 = 0.45051353463644545
rs_dv_bin_1 = 0.10113203306695767
rs_dv_bin_2 = 0.06880363918609929
