f_ap_bin_1 = 0.4240788821302857
f_ap_bin_2 = 0.734791489587896
fsigma_8_bin_1 = 0.4189121469399278
fsigma_8_bin_2 = 0.4123382238155215
rs_dv_bin_1 = 0.10143743458211342
rs_dv_bin_2 = 0.06908085030773138
