a = 3.1299809028244363
eta0 = 0.6044022916610676
