a_s = 1.8566320824239171e-09
age = 13.51773368670147
cosmomc_theta = 1.0504311220949207
cs2_de = 1.0
dastar = 13.65725242443922
h0 = 0.6950215765673302
hubble = 69.50215765673302
k = 0.0
kd = 0.14203359814678115
keq = 0.010637547762511104
massive_nu = 1
massless_nu = 2.030666666666667
mnu = 0.06
n_eff = 3.0460000000000003
n_s = 0.901206320612934
nnu = 3.046
num_nu_massive = 1
num_nu_massless = 2.030666666666667
ombh2 = 0.022492485726174734
omch2 = 0.12335577491815158
omega_b = 0.04656299200630975
omega_c = 0.2553659044790191
omega_k = 0.0
omega_lambda = 0.6967355653052254
omega_m = 0.30326443469477465
omega_nu = 0.0013355382094458563
ommh2 = 0.1464933990432645
omnuh2 = 0.0006451383989381787
rdrag = 146.08342491039397
rstar = 143.48560004867076
s_8 = 0.7661326376053416
s_8_input = 0.7638718156992811
sigma_12 = 0.7411792190011389
sigma_8 = 0.7619980334313772
sigma_8_input = 0.7614278785584037
thetad = 0.16195540521042362
thetaeq = 0.806439168648837
thetarseq = 0.4459489016539508
thetastar = 1.0506183497927288
w = -1.0
wa = 0.0
zdrag = 1060.4579021901272
zeq = 3485.3492831943886
zstar = 1090.0524290826781
