a = 3.0974154209654086
eta0 = 0.608310149484151
