bin_1 = 0.001513824582334733
bin_2 = 0.009126066043333714
bin_3 = -0.024166194980472677
bin_4 = -0.016651630836614695
bin_5 = 0.002444567579540591
