bin_1 = 0.001926500525865793
bin_2 = 0.010106425682122167
bin_3 = -0.020673992309320877
bin_4 = -0.014332813492589969
bin_5 = 0.005273302421953119
