a_s = 1.846768380934504e-09
age = 13.043159698729934
cosmomc_theta = 1.0600834852807055
cs2_de = 1.0
dastar = 13.16033561192067
h0 = 0.7177069984369604
hubble = 71.77069984369604
k = 0.0
kd = 0.14895460254283233
keq = 0.011495467650268338
massive_nu = 1
massless_nu = 2.030666666666667
mnu = 0.06
n_eff = 3.0460000000000003
n_s = 0.8823365367082695
nnu = 3.046
num_nu_massive = 1
num_nu_massless = 2.030666666666667
ombh2 = 0.024796021973426396
omch2 = 0.1328155035456816
omega_b = 0.048137956521450406
omega_c = 0.2578424451272211
omega_k = 0.0
omega_lambda = 0.6927671537361525
omega_m = 0.3072328462638475
omega_nu = 0.0012524446151760207
ommh2 = 0.1582566639180462
omnuh2 = 0.0006451383989381787
rdrag = 141.33247941571236
rstar = 139.5026013803007
s_8 = 0.7907457080818057
s_8_input = 0.7885126633833083
sigma_12 = 0.7437559891167723
sigma_8 = 0.7813824427083779
sigma_8_input = 0.7807688795684138
thetad = 0.16026141796622725
thetaeq = 0.774429412170916
thetarseq = 0.42790011180305026
thetastar = 1.0600231293033198
w = -1.0
wa = 0.0
zdrag = 1066.1866052570679
zeq = 3766.5377586896993
zstar = 1088.143470239751
