bias_1 = 0.002030500912532818
bias_2 = 0.010128329365445476
bias_3 = -0.02039985245985044
bias_4 = -0.014126106623959137
bias_5 = 0.005273252320529699
p_1 = 0.1918557370404689
p_2 = 0.8751480457708221
p_3 = -2.117530381418022
p_4 = -1.63758355042507
p_5 = 1.36046536961618
