bias_1 = 0.0015962927982882055
bias_2 = 0.009151246578891001
bias_3 = -0.023924565795969927
bias_4 = -0.016433223105726556
bias_5 = 0.0024444290599379814
uncorr_bias_1 = 0.1508287582919401
uncorr_bias_2 = 0.7957353851582543
uncorr_bias_3 = -2.4039595769163737
uncorr_bias_4 = -1.9409376280095798
uncorr_bias_5 = 1.181936797449234
