a_vir_bin_1 = 4.241398458450199
a_vir_bin_2 = 1.4602695649394997
b1_bin_1 = 1.9532239679529948
b1_bin_2 = 2.0781275828688908
b2_bin_1 = 0.2930936314504334
b2_bin_2 = -1.026736867251289
gamma3_bin_1 = 0.699343222387004
gamma3_bin_2 = 0.3459304844257111
