bias_1 = 0.0021234232424909186
bias_2 = 0.009941513919409381
bias_3 = -0.02202105936078981
bias_4 = -0.013977740057632878
bias_5 = 0.006146445607407856
p_1 = 0.2006356799558311
p_2 = 0.8562636755672076
p_3 = -2.2582571821533435
p_4 = -1.6329262792219819
p_5 = 1.4616487982496535
