a = 3.124641753467352
eta0 = 0.6050429895839178
