a = 3.125732422610234
eta0 = 0.604912109286772
