bin_1 = 5.551115123125783e-17
bin_2 = -1.1102230246251565e-16
bin_3 = 0.0
bin_4 = 0.0
bin_5 = 0.0
