a_s = 1.7188484807466698e-09
age = 12.944179672120967
cosmomc_theta = 1.061953078397513
cs2_de = 1.0
dastar = 13.047720150507216
h0 = 0.7214710816002222
hubble = 72.14710816002223
k = 0.0
kd = 0.15060132116201133
keq = 0.011716639580128484
massive_nu = 1
massless_nu = 2.030666666666667
mnu = 0.06
n_eff = 3.0460000000000003
n_s = 0.8700926203418247
num_nu_massive = 1
num_nu_massless = 2.030666666666667
ombh2 = 0.025333089545132123
omch2 = 0.13531100162165258
omega_b = 0.04866876231502445
omega_c = 0.2599532506605582
omega_k = 0.0
omega_lambda = 0.6901385769105314
omega_m = 0.3098614230894686
omega_nu = 0.0012394101138860473
ommh2 = 0.16128922956572286
omnuh2 = 0.0006451383989381787
rdrag = 140.2152774613132
rstar = 138.54538671223892
s_8 = 0.7690371340310557
s_8_input = 0.7669063023935118
sigma_12 = 0.7178395782885808
sigma_8 = 0.7567007817267004
sigma_8_input = 0.7561178388395708
thetad = 0.1598771720031313
thetaeq = 0.7663682683180665
thetarseq = 0.42340470635182736
thetastar = 1.0618359768151
w = -1.0
wa = 0.0
zdrag = 1067.4773258327966
zeq = 3839.0280511711458
zstar = 1087.7656040820818
