a_s = 1.8537876484933661e-09
age = 13.220703383659052
cosmomc_theta = 1.0573889299221677
cs2_de = 1.0
dastar = 13.31708767904795
h0 = 0.7054336128495142
hubble = 70.54336128495142
k = 0.0
kd = 0.14632286261835029
keq = 0.011252792215993316
massive_nu = 1
massless_nu = 2.030666666666667
mnu = 0.06
n_eff = 3.0460000000000003
n_s = 0.8841271598943707
nnu = 3.046
num_nu_massive = 1
num_nu_massless = 2.030666666666667
ombh2 = 0.023698566584255627
omch2 = 0.1305855483019166
omega_b = 0.04762223565326163
omega_c = 0.26241147252660235
omega_k = 0.0
omega_lambda = 0.6886698871302586
omega_m = 0.3113301128697414
omega_nu = 0.0012964046898774433
ommh2 = 0.1549292532851104
omnuh2 = 0.0006451383989381787
rdrag = 142.9874607399079
rstar = 140.8205980882625
s_8 = 0.7934823227141377
s_8_input = 0.7912397256738906
sigma_12 = 0.7500289878816624
sigma_8 = 0.7789100703110786
sigma_8_input = 0.7783308664260998
thetad = 0.16122352954519925
thetaeq = 0.7818188817358924
thetarseq = 0.4324037850763481
thetastar = 1.0574428995449094
w = -1.0
wa = 0.0
zdrag = 1063.6689172881574
zeq = 3686.9995069218667
zstar = 1089.1944628500464
