bias_1 = 0.002338888496525741
bias_2 = 0.009669107632215006
bias_3 = -0.023405794630075097
bias_4 = -0.014424308897880591
bias_5 = 0.0052702088836852744
p_1 = 0.22099432390635165
p_2 = 0.8270451457314429
p_3 = -2.3762055691938357
p_4 = -1.698437861539709
p_5 = 1.3944469620122124
