# xi_wedges_like_cov_bin_2
2.041173999999999915e-05 1.282365000000000046e-05 9.840876999999999665e-06 7.868138000000000730e-06 6.171030000000000275e-06 4.888693999999999717e-06 4.273877000000000280e-06 3.342981000000000122e-06 2.823130000000000108e-06 2.352685000000000159e-06 2.072413999999999806e-06 1.924697000000000099e-06 1.615815000000000046e-06 1.354021000000000025e-06 1.159130000000000030e-06 9.201424999999999955e-07 8.244627000000000125e-07 7.207655999999999885e-07 5.375899999999999851e-07 3.941117999999999914e-07 3.717339000000000197e-07 3.874771999999999804e-07 3.492435000000000131e-07 2.148110000000000036e-07 3.394514999999999741e-07 3.153484999999999865e-07 2.591619000000000093e-07 2.196231999999999916e-07 9.347664000000000157e-06 7.250953000000000303e-06 5.427484999999999925e-06 4.205099000000000377e-06 3.248485999999999936e-06 2.698877000000000113e-06 1.892965000000000010e-06 1.505377000000000021e-06 1.183390999999999932e-06 9.738471000000000700e-07 7.667890000000000246e-07 5.964542000000000127e-07 4.821162999999999507e-07 3.673894999999999957e-07 2.979871999999999911e-07 1.519567000000000123e-07 2.315220999999999857e-08 -7.119626000000000122e-08 2.192877000000000016e-08 4.703619999999999935e-09 7.062998999999999465e-08 3.606320999999999752e-08 4.345118000000000091e-08 -1.526601999999999895e-08 5.262659000000000035e-08 3.653977999999999766e-08 6.561162999999999835e-09 -1.107396999999999947e-07 3.740415999999999815e-06 2.645120000000000011e-06 1.748555999999999925e-06 1.476727000000000092e-06 8.767005999999999617e-07 3.141857000000000021e-07 -9.105663999999999711e-08 -2.709233999999999919e-07 -2.281180000000000049e-07 -4.787553000000000307e-07 -6.910838999999999776e-07 -5.715744999999999940e-07 -4.543987999999999806e-07 -4.719720000000000125e-07 -4.561380000000000046e-07 -4.750474999999999927e-07 -3.670501999999999789e-07 -3.992871999999999783e-07 -3.060893000000000117e-07 -2.262396999999999900e-07 -2.947330000000000227e-07 -3.162127999999999898e-07 -3.497516999999999911e-07 -3.245654999999999823e-07 -2.290338999999999926e-07 -2.197857999999999960e-07 -2.512882999999999963e-07 -3.245285000000000198e-07
1.282365000000000046e-05 1.400877000000000005e-05 9.159412000000000253e-06 7.289808000000000289e-06 5.811649999999999660e-06 4.518080000000000286e-06 3.948057999999999631e-06 3.107110999999999956e-06 2.549035999999999797e-06 2.132237999999999879e-06 1.889241999999999944e-06 1.688425000000000059e-06 1.468204999999999905e-06 1.302573999999999948e-06 1.090062999999999985e-06 8.429197000000000037e-07 7.440428999999999689e-07 5.692083000000000267e-07 4.258793999999999933e-07 2.490125999999999861e-07 2.886857999999999843e-07 3.685576999999999810e-07 3.105004000000000028e-07 2.577029000000000225e-07 3.505615000000000253e-07 2.807091999999999868e-07 2.403955999999999824e-07 1.726044999999999889e-07 7.575558000000000052e-06 6.734754000000000300e-06 5.388013999999999876e-06 3.874347999999999959e-06 3.120932000000000090e-06 2.508326999999999879e-06 1.869378999999999894e-06 1.498561999999999943e-06 1.264814999999999934e-06 9.632828999999999654e-07 7.654824999999999593e-07 5.990493000000000092e-07 4.151748000000000259e-07 3.873046999999999834e-07 3.446072000000000207e-07 9.238386999999999357e-08 5.975050999999999946e-08 -2.960953000000000084e-08 2.154294000000000047e-08 -4.081102000000000038e-08 6.192696000000000305e-09 2.530028999999999887e-09 1.025378999999999960e-08 -1.973886000000000064e-08 7.879269000000000329e-10 2.655888000000000124e-08 5.249782999999999675e-08 -1.955084999999999934e-08 3.479175000000000024e-06 2.815453000000000164e-06 2.115610999999999792e-06 1.658971999999999987e-06 1.067068000000000089e-06 5.627491000000000505e-07 1.182745999999999969e-07 -5.578783000000000173e-08 -6.606053000000000080e-08 -3.210245000000000170e-07 -4.702775999999999759e-07 -4.070366000000000252e-07 -3.977886000000000207e-07 -3.949071999999999881e-07 -4.159538999999999750e-07 -4.384616999999999960e-07 -3.277039000000000152e-07 -3.575372000000000181e-07 -3.563360000000000218e-07 -3.043731999999999796e-07 -2.779591999999999920e-07 -2.882554999999999966e-07 -3.170123999999999754e-07 -2.931562999999999845e-07 -2.178511000000000018e-07 -2.293996999999999998e-07 -2.475772999999999970e-07 -2.837766000000000186e-07
9.840876999999999665e-06 9.159412000000000253e-06 1.021598999999999941e-05 7.087291000000000276e-06 5.541614999999999797e-06 4.429135999999999805e-06 3.847966999999999982e-06 3.079290000000000040e-06 2.512021000000000203e-06 2.168491999999999854e-06 1.903202000000000104e-06 1.716167999999999939e-06 1.473829999999999957e-06 1.260632999999999904e-06 1.008763000000000018e-06 7.498615000000000075e-07 6.721977000000000185e-07 5.541261999999999793e-07 4.431493999999999884e-07 3.221894999999999880e-07 3.421183000000000228e-07 3.479796000000000014e-07 2.801855999999999966e-07 2.347087000000000111e-07 2.900249999999999782e-07 1.988971999999999951e-07 1.585060999999999955e-07 1.025682000000000065e-07 6.028767999999999738e-06 5.568925999999999610e-06 4.784120999999999591e-06 3.729976000000000048e-06 3.023800999999999986e-06 2.484928999999999871e-06 1.910742000000000077e-06 1.617176999999999950e-06 1.354156999999999967e-06 1.012116000000000035e-06 8.192944000000000522e-07 6.796005000000000377e-07 5.389824000000000499e-07 5.240849999999999975e-07 4.320082999999999893e-07 2.246839000000000099e-07 1.486458000000000088e-07 5.613399999999999827e-08 8.381303000000000045e-08 6.746350999999999713e-08 1.118258000000000007e-07 9.233141999999999630e-08 9.397325999999999401e-08 5.502597000000000287e-08 7.319404999999999624e-08 4.497196999999999768e-08 3.787197999999999685e-08 -7.400885000000000133e-09 3.017527999999999834e-06 2.630737999999999850e-06 1.848200999999999967e-06 1.578949999999999934e-06 1.172994000000000081e-06 7.237722999999999542e-07 4.609495999999999866e-07 1.316441000000000029e-07 9.115990999999999483e-08 -1.234512999999999879e-07 -2.666936999999999895e-07 -2.066553999999999885e-07 -1.926904000000000087e-07 -2.265415000000000040e-07 -2.551467999999999908e-07 -2.636378000000000104e-07 -2.593939000000000077e-07 -2.896099000000000183e-07 -2.796121999999999870e-07 -2.503154000000000234e-07 -2.228934999999999967e-07 -2.209014999999999879e-07 -2.541205000000000156e-07 -2.619265000000000260e-07 -2.070342000000000104e-07 -2.154088000000000091e-07 -2.524318000000000092e-07 -2.835341999999999873e-07
7.868138000000000730e-06 7.289808000000000289e-06 7.087291000000000276e-06 8.008939999999999928e-06 5.609512999999999972e-06 4.486394000000000197e-06 3.829957999999999864e-06 3.117600999999999833e-06 2.597323999999999918e-06 2.189897000000000118e-06 1.908932000000000090e-06 1.675713000000000044e-06 1.425959999999999939e-06 1.212952000000000021e-06 9.858047999999999945e-07 7.777691999999999657e-07 7.147235000000000273e-07 5.994103999999999607e-07 4.902477000000000072e-07 3.965279000000000232e-07 3.426500000000000143e-07 3.704140999999999896e-07 3.469048000000000108e-07 2.686830000000000244e-07 3.265569000000000116e-07 2.838992000000000041e-07 2.095390999999999999e-07 1.616495999999999998e-07 4.910689000000000173e-06 4.664299000000000148e-06 4.189904999999999824e-06 3.494413999999999913e-06 2.947328000000000066e-06 2.415729999999999993e-06 1.849604999999999971e-06 1.580776999999999968e-06 1.284828999999999917e-06 9.526364000000000030e-07 7.301221000000000234e-07 6.148878000000000355e-07 4.509647000000000121e-07 4.059866999999999914e-07 3.489760999999999799e-07 2.019976000000000114e-07 1.599419999999999905e-07 9.303793999999999646e-08 8.876303000000000176e-08 8.156921000000000147e-08 1.151604999999999941e-07 1.072908999999999989e-07 1.004459999999999983e-07 7.819077999999999787e-08 9.369397000000000210e-08 8.952759999999999760e-08 4.887702000000000127e-08 8.687141999999999241e-09 2.498082000000000200e-06 2.206826000000000070e-06 1.757496000000000003e-06 1.508971999999999941e-06 1.212105999999999962e-06 6.998675000000000166e-07 4.303009000000000173e-07 2.216344000000000063e-07 8.781142000000000612e-08 -8.597978999999999887e-08 -2.259998999999999934e-07 -1.948479999999999988e-07 -2.262159000000000001e-07 -2.584540999999999850e-07 -2.697046999999999891e-07 -3.207835999999999741e-07 -2.719583999999999744e-07 -2.957099000000000002e-07 -2.780026999999999751e-07 -2.805554000000000083e-07 -2.671878000000000124e-07 -2.220000000000000027e-07 -2.437425000000000003e-07 -2.227622999999999962e-07 -1.786428000000000093e-07 -1.546939999999999954e-07 -1.783430999999999898e-07 -2.370462999999999936e-07
6.171030000000000275e-06 5.811649999999999660e-06 5.541614999999999797e-06 5.609512999999999972e-06 6.364163999999999839e-06 4.619326000000000265e-06 3.925191999999999908e-06 3.205698000000000016e-06 2.663819000000000118e-06 2.309247000000000085e-06 1.988197999999999815e-06 1.721214000000000102e-06 1.458656999999999983e-06 1.235553000000000052e-06 1.041768000000000094e-06 8.221866000000000336e-07 7.319490000000000117e-07 5.801917999999999742e-07 5.087062999999999790e-07 4.127964000000000077e-07 3.340926000000000041e-07 3.517048000000000009e-07 3.233256999999999899e-07 2.329257000000000010e-07 2.886889999999999985e-07 2.213609000000000006e-07 1.616025000000000073e-07 1.083437999999999964e-07 3.975211999999999981e-06 3.836998999999999616e-06 3.678706000000000198e-06 3.156834999999999905e-06 2.828723999999999939e-06 2.391294000000000131e-06 1.861806000000000068e-06 1.572874999999999954e-06 1.258082000000000002e-06 9.518810000000000517e-07 7.692992000000000493e-07 6.797019000000000415e-07 4.987053000000000472e-07 4.405962999999999866e-07 3.781865999999999753e-07 3.026897999999999818e-07 2.511194999999999743e-07 1.325224999999999878e-07 1.406571000000000056e-07 8.529815000000000204e-08 1.174440000000000027e-07 1.060178999999999980e-07 8.969608999999999357e-08 8.031406000000000627e-08 6.277069999999999707e-08 6.874337000000000102e-08 2.499253999999999981e-08 -4.017261999999999646e-09 1.977024000000000115e-06 1.813927000000000014e-06 1.496235000000000083e-06 1.367678000000000079e-06 1.183046999999999966e-06 7.941612000000000240e-07 5.587960000000000494e-07 3.472167000000000018e-07 2.573509999999999862e-07 9.975887000000000501e-08 -7.613506000000000571e-08 -1.338042000000000091e-07 -1.915671000000000028e-07 -2.197560999999999914e-07 -2.252691999999999880e-07 -2.778692999999999880e-07 -2.818159000000000215e-07 -3.246590000000000221e-07 -3.047927000000000185e-07 -3.189712000000000154e-07 -2.776935999999999767e-07 -2.090146000000000007e-07 -2.454008999999999962e-07 -2.670624999999999736e-07 -2.300472000000000061e-07 -1.721349999999999992e-07 -1.981326999999999885e-07 -2.513619999999999978e-07
4.888693999999999717e-06 4.518080000000000286e-06 4.429135999999999805e-06 4.486394000000000197e-06 4.619326000000000265e-06 5.467226999999999620e-06 4.101882999999999806e-06 3.397408999999999899e-06 2.866173000000000078e-06 2.376833000000000118e-06 2.029418999999999890e-06 1.758895999999999897e-06 1.492174000000000005e-06 1.253547999999999996e-06 1.056196000000000043e-06 8.517368999999999537e-07 7.157337999999999844e-07 5.967019000000000527e-07 5.229602999999999954e-07 4.610001000000000041e-07 3.705944000000000114e-07 4.034627999999999803e-07 3.637264999999999979e-07 3.025894999999999978e-07 3.422316999999999873e-07 2.880990000000000177e-07 2.174061000000000001e-07 1.914018999999999902e-07 3.180428999999999818e-06 3.116661000000000144e-06 3.025376999999999867e-06 2.701639000000000122e-06 2.529864999999999791e-06 2.266878000000000084e-06 1.874282999999999949e-06 1.605701999999999988e-06 1.318175000000000089e-06 1.018801999999999940e-06 8.658981999999999735e-07 7.530554999999999764e-07 5.588622999999999949e-07 5.086269999999999924e-07 4.124899000000000175e-07 3.048612999999999957e-07 2.567973000000000227e-07 1.993167000000000076e-07 1.736404999999999990e-07 1.504100000000000081e-07 1.648205999999999956e-07 1.623462000000000009e-07 1.279868000000000089e-07 1.092877000000000026e-07 8.338962000000000553e-08 9.476257999999999807e-08 5.687943999999999730e-08 8.963912000000000137e-09 1.746124999999999947e-06 1.594492999999999956e-06 1.372266999999999909e-06 1.270298000000000090e-06 1.177249000000000009e-06 7.841279999999999657e-07 5.936564999999999928e-07 4.505778000000000154e-07 3.604048000000000192e-07 2.296030999999999869e-07 4.437808000000000109e-08 -1.770217999999999977e-08 -6.912763999999999973e-08 -9.206430999999999597e-08 -1.261229000000000050e-07 -2.447894999999999964e-07 -2.455245000000000093e-07 -2.972932999999999904e-07 -2.564859999999999847e-07 -2.498814000000000077e-07 -2.588650000000000088e-07 -2.534124000000000147e-07 -2.670987999999999909e-07 -3.105083000000000197e-07 -2.787548000000000259e-07 -2.609646999999999783e-07 -2.631489999999999961e-07 -3.052415999999999796e-07
4.273877000000000280e-06 3.948057999999999631e-06 3.847966999999999982e-06 3.829957999999999864e-06 3.925191999999999908e-06 4.101882999999999806e-06 4.739900000000000138e-06 3.536784000000000153e-06 2.986760999999999914e-06 2.580999000000000121e-06 2.209615000000000189e-06 1.898622999999999914e-06 1.615013999999999959e-06 1.369609000000000019e-06 1.151645000000000093e-06 9.623367000000000201e-07 7.945086000000000421e-07 6.876933000000000451e-07 5.960700999999999556e-07 5.466569000000000304e-07 4.451044000000000082e-07 4.227952999999999981e-07 4.105383999999999884e-07 3.352633999999999976e-07 3.409585000000000153e-07 3.026855999999999929e-07 2.233939000000000030e-07 1.790392999999999957e-07 2.705323000000000170e-06 2.727190999999999873e-06 2.593705000000000182e-06 2.452009000000000023e-06 2.348090000000000163e-06 2.194311999999999803e-06 1.882011000000000030e-06 1.670489000000000050e-06 1.370977999999999903e-06 1.084937999999999971e-06 9.334016000000000140e-07 7.646082000000000505e-07 6.239902000000000019e-07 5.201414000000000468e-07 4.119943999999999983e-07 3.437145000000000170e-07 2.624794999999999913e-07 1.759755999999999919e-07 1.508311000000000012e-07 1.195812999999999936e-07 1.270640999999999976e-07 1.155956999999999953e-07 8.827045000000000014e-08 6.421394000000000253e-08 2.909561999999999925e-08 4.316298000000000101e-08 2.427430999999999907e-08 -3.438401999999999848e-09 1.441119999999999977e-06 1.359004999999999959e-06 1.216516999999999961e-06 1.209133000000000058e-06 1.169297999999999913e-06 8.288287999999999791e-07 6.302859000000000177e-07 4.930675000000000442e-07 4.184335000000000126e-07 2.146960999999999977e-07 5.356809999999999910e-08 3.607912000000000021e-08 -3.674317999999999802e-08 -4.399908999999999804e-08 -9.997347000000000218e-08 -2.103749000000000106e-07 -2.645784000000000235e-07 -3.061975000000000126e-07 -2.658318000000000101e-07 -2.777223000000000066e-07 -3.022372999999999849e-07 -2.851565000000000031e-07 -2.828862999999999859e-07 -3.107316000000000109e-07 -2.877704000000000104e-07 -2.737660999999999834e-07 -2.788277999999999763e-07 -3.229584999999999865e-07
3.342981000000000122e-06 3.107110999999999956e-06 3.079290000000000040e-06 3.117600999999999833e-06 3.205698000000000016e-06 3.397408999999999899e-06 3.536784000000000153e-06 4.076140000000000076e-06 3.100225000000000035e-06 2.662076999999999890e-06 2.286732000000000098e-06 1.952402000000000200e-06 1.634512999999999914e-06 1.408000999999999930e-06 1.204754000000000095e-06 1.018247000000000078e-06 8.246481000000000057e-07 7.101796000000000021e-07 6.143538000000000123e-07 5.687765999999999899e-07 4.531647000000000186e-07 4.258192999999999860e-07 4.159578999999999795e-07 3.354366999999999850e-07 3.419450999999999747e-07 3.216436999999999885e-07 2.529930000000000208e-07 2.096345999999999891e-07 2.199542000000000175e-06 2.161552999999999953e-06 2.119107999999999973e-06 2.053198000000000039e-06 1.988127000000000184e-06 1.909493999999999933e-06 1.731985999999999929e-06 1.626802000000000090e-06 1.396048999999999930e-06 1.137789000000000051e-06 9.530483000000000016e-07 8.229904000000000080e-07 6.314094000000000079e-07 5.232171000000000113e-07 4.043568999999999804e-07 3.617653999999999791e-07 2.775092000000000111e-07 1.951935999999999989e-07 1.683353000000000078e-07 1.327181000000000031e-07 1.118640000000000017e-07 6.490086000000000164e-08 4.850321000000000171e-08 1.902214000000000148e-08 -4.606281000000000257e-09 1.860496000000000065e-08 1.064796999999999958e-09 -1.353041999999999927e-08 1.232025000000000075e-06 1.182916999999999977e-06 1.189114999999999964e-06 1.149561999999999981e-06 1.062340000000000022e-06 8.152457000000000167e-07 6.153710999999999509e-07 4.740267000000000104e-07 3.348711000000000001e-07 2.202710000000000009e-07 1.279653999999999899e-07 6.394818000000000240e-08 1.013082000000000038e-08 -4.414114999999999951e-08 -1.300757999999999954e-07 -2.245652000000000103e-07 -2.601683999999999992e-07 -2.971258000000000254e-07 -2.626141999999999826e-07 -2.764103999999999934e-07 -3.137988000000000054e-07 -3.058773999999999752e-07 -3.117217000000000139e-07 -3.392090000000000035e-07 -3.010996999999999867e-07 -2.543316000000000088e-07 -2.277981000000000048e-07 -2.819514000000000031e-07
2.823130000000000108e-06 2.549035999999999797e-06 2.512021000000000203e-06 2.597323999999999918e-06 2.663819000000000118e-06 2.866173000000000078e-06 2.986760999999999914e-06 3.100225000000000035e-06 3.518910999999999977e-06 2.771297999999999991e-06 2.386449999999999826e-06 2.035466000000000156e-06 1.689942000000000006e-06 1.467900999999999983e-06 1.258041999999999957e-06 1.046976000000000070e-06 8.563469000000000460e-07 7.263335999999999494e-07 6.235204000000000357e-07 5.797781999999999499e-07 4.642483000000000186e-07 4.512030999999999860e-07 4.192107999999999967e-07 3.634842000000000117e-07 3.490334999999999867e-07 3.095815999999999774e-07 2.549625000000000174e-07 2.124064999999999902e-07 1.898957000000000028e-06 1.829861000000000030e-06 1.786206999999999922e-06 1.795291999999999980e-06 1.752983999999999969e-06 1.675215000000000062e-06 1.629661000000000024e-06 1.509607999999999921e-06 1.323479999999999990e-06 1.102525999999999903e-06 9.370367999999999644e-07 7.919972000000000055e-07 6.325112999999999948e-07 5.290387000000000268e-07 4.294201999999999743e-07 3.568314999999999881e-07 2.550848000000000264e-07 1.768408999999999963e-07 1.562137999999999876e-07 1.430205999999999989e-07 1.272313000000000125e-07 7.244962999999999810e-08 7.856005000000000604e-08 3.148233999999999946e-08 2.990429999999999733e-08 3.864384000000000042e-08 -1.844536000000000091e-09 -5.453971000000000253e-09 1.175919999999999958e-06 1.132564000000000029e-06 1.105991000000000047e-06 1.012767000000000005e-06 9.481036999999999482e-07 7.283424999999999854e-07 6.487826000000000248e-07 5.081835000000000321e-07 3.321231999999999997e-07 2.187534999999999875e-07 8.170867999999999789e-08 3.817645000000000169e-08 -9.304058000000000422e-09 -1.817409999999999993e-08 -7.615312000000000554e-08 -1.661012999999999893e-07 -1.782794999999999918e-07 -2.237480999999999917e-07 -1.771532000000000090e-07 -2.190146000000000109e-07 -2.623504999999999774e-07 -2.845892999999999846e-07 -2.884497999999999814e-07 -3.163901999999999739e-07 -3.069183000000000253e-07 -2.586130999999999800e-07 -2.704266000000000215e-07 -3.170749000000000065e-07
2.352685000000000159e-06 2.132237999999999879e-06 2.168491999999999854e-06 2.189897000000000118e-06 2.309247000000000085e-06 2.376833000000000118e-06 2.580999000000000121e-06 2.662076999999999890e-06 2.771297999999999991e-06 3.234944999999999908e-06 2.527702999999999827e-06 2.194729000000000091e-06 1.852422000000000016e-06 1.597950999999999907e-06 1.367648000000000098e-06 1.152678000000000020e-06 9.541539999999999028e-07 8.089555000000000469e-07 7.028342000000000428e-07 6.281567000000000280e-07 5.267191000000000118e-07 4.874227999999999989e-07 4.649899999999999835e-07 4.151940000000000053e-07 3.778487999999999999e-07 3.475405000000000143e-07 2.758969999999999988e-07 2.295224999999999961e-07 1.611720000000000088e-06 1.641318999999999955e-06 1.554734000000000004e-06 1.557854999999999969e-06 1.509954999999999971e-06 1.546585999999999976e-06 1.479750999999999921e-06 1.424316999999999902e-06 1.284347999999999981e-06 1.111954999999999927e-06 9.526792999999999802e-07 8.183227000000000383e-07 6.734546000000000488e-07 5.558378999999999853e-07 4.434560000000000237e-07 3.792420000000000021e-07 2.743867000000000042e-07 1.985989999999999905e-07 1.733905999999999989e-07 1.424129000000000007e-07 1.344261000000000075e-07 9.360985999999999752e-08 9.774266999999999785e-08 5.253177999999999951e-08 4.154966999999999886e-08 5.684070999999999944e-08 2.123510999999999989e-08 -2.061748999999999929e-09 8.390943000000000123e-07 8.807452999999999927e-07 9.433171999999999602e-07 9.563056999999999842e-07 9.434622999999999844e-07 7.156057000000000060e-07 6.020209999999999616e-07 4.750952000000000176e-07 3.190756999999999883e-07 2.051588000000000067e-07 1.051780999999999960e-07 6.754152000000000273e-08 3.469758999999999909e-09 -2.530188999999999854e-08 -7.014105999999999849e-08 -1.430990000000000031e-07 -1.755842000000000034e-07 -2.001477999999999891e-07 -1.632187999999999898e-07 -2.004398999999999948e-07 -2.400261999999999924e-07 -2.688945999999999784e-07 -2.674300000000000065e-07 -2.968048999999999977e-07 -2.632612000000000016e-07 -2.563546999999999920e-07 -2.667978999999999859e-07 -3.173664000000000062e-07
2.072413999999999806e-06 1.889241999999999944e-06 1.903202000000000104e-06 1.908932000000000090e-06 1.988197999999999815e-06 2.029418999999999890e-06 2.209615000000000189e-06 2.286732000000000098e-06 2.386449999999999826e-06 2.527702999999999827e-06 2.825409999999999940e-06 2.239991999999999932e-06 1.886570999999999907e-06 1.642498999999999917e-06 1.394387000000000004e-06 1.168631999999999952e-06 9.865996000000000381e-07 8.495503000000000101e-07 7.432277000000000398e-07 6.399695999999999577e-07 5.313773999999999762e-07 4.990911999999999633e-07 4.619993999999999752e-07 4.025595000000000122e-07 3.786210000000000126e-07 3.387986999999999856e-07 2.877084999999999852e-07 2.189542000000000006e-07 1.491470000000000054e-06 1.447141999999999976e-06 1.427518999999999986e-06 1.360429999999999907e-06 1.336886999999999919e-06 1.338486000000000012e-06 1.295753999999999944e-06 1.285941999999999935e-06 1.196384999999999896e-06 1.044628000000000055e-06 9.456480000000000514e-07 8.295570999999999870e-07 6.926542000000000403e-07 5.654249999999999693e-07 4.514202999999999781e-07 3.701414000000000007e-07 2.833966000000000113e-07 1.880405999999999878e-07 1.545526999999999914e-07 1.191194000000000045e-07 1.241373999999999903e-07 8.780525000000000468e-08 8.326321000000000327e-08 3.997698999999999804e-08 4.578145000000000262e-08 5.443215000000000212e-08 2.409228000000000151e-08 6.027107000000000164e-09 7.655639999999999855e-07 8.121296000000000382e-07 8.535671999999999936e-07 8.323114999999999550e-07 7.622940000000000363e-07 5.995328999999999541e-07 5.261192999999999511e-07 4.628098000000000154e-07 3.335678999999999941e-07 2.107676000000000033e-07 1.296472999999999992e-07 9.310383999999999972e-08 1.973516999999999897e-08 -1.017791999999999953e-08 -7.718661999999999955e-08 -1.455430999999999872e-07 -1.638155000000000020e-07 -1.997422000000000004e-07 -1.820921000000000057e-07 -1.955502000000000115e-07 -2.451519000000000050e-07 -2.498731000000000221e-07 -2.582656000000000227e-07 -2.747593000000000084e-07 -2.678445000000000132e-07 -2.526736999999999738e-07 -2.621878999999999995e-07 -2.940210000000000094e-07
1.924697000000000099e-06 1.688425000000000059e-06 1.716167999999999939e-06 1.675713000000000044e-06 1.721214000000000102e-06 1.758895999999999897e-06 1.898622999999999914e-06 1.952402000000000200e-06 2.035466000000000156e-06 2.194729000000000091e-06 2.239991999999999932e-06 2.603376999999999926e-06 2.025966000000000077e-06 1.764560999999999994e-06 1.482695999999999898e-06 1.260634999999999959e-06 1.064652999999999918e-06 9.295844000000000161e-07 8.036158999999999955e-07 6.967157000000000267e-07 5.827859000000000490e-07 5.365332999999999542e-07 4.837918000000000374e-07 4.222434999999999918e-07 3.992398999999999750e-07 3.649500999999999878e-07 3.062145000000000054e-07 2.502315000000000262e-07 1.360725000000000004e-06 1.339884000000000062e-06 1.205120000000000034e-06 1.218769999999999895e-06 1.203493000000000015e-06 1.223508000000000026e-06 1.204146000000000041e-06 1.209543999999999968e-06 1.111751000000000014e-06 9.942232999999999716e-07 8.836878000000000073e-07 7.884645000000000257e-07 6.862714999999999523e-07 5.845137000000000124e-07 4.708562999999999941e-07 4.092409000000000127e-07 2.968278000000000052e-07 1.964386000000000078e-07 1.441651000000000129e-07 1.367753000000000085e-07 1.317557999999999945e-07 8.133799999999999685e-08 7.897898999999999881e-08 4.388534999999999797e-08 4.832445000000000097e-08 6.431323000000000209e-08 2.617282000000000103e-08 1.656965999999999963e-08 7.135742999999999842e-07 7.507391999999999678e-07 8.340205000000000136e-07 8.207324000000000416e-07 7.878113999999999548e-07 5.628932000000000472e-07 4.902335999999999992e-07 4.359253000000000104e-07 3.152794999999999877e-07 2.131539000000000119e-07 1.380512000000000073e-07 1.030501000000000050e-07 5.125144000000000143e-08 -9.277159000000000141e-10 -6.469638000000000112e-08 -1.137337000000000015e-07 -1.554711999999999873e-07 -2.122480000000000090e-07 -1.841935999999999931e-07 -2.089210999999999874e-07 -2.508971000000000186e-07 -2.798999000000000194e-07 -2.617658999999999974e-07 -2.724297999999999742e-07 -2.346456000000000004e-07 -2.117164000000000098e-07 -2.336260999999999958e-07 -2.717716999999999771e-07
1.615815000000000046e-06 1.468204999999999905e-06 1.473829999999999957e-06 1.425959999999999939e-06 1.458656999999999983e-06 1.492174000000000005e-06 1.615013999999999959e-06 1.634512999999999914e-06 1.689942000000000006e-06 1.852422000000000016e-06 1.886570999999999907e-06 2.025966000000000077e-06 2.256396000000000004e-06 1.835292000000000020e-06 1.545242999999999962e-06 1.316909000000000083e-06 1.112857000000000050e-06 9.603964000000000143e-07 8.224537999999999766e-07 6.959630999999999621e-07 5.832475000000000219e-07 5.357374000000000496e-07 4.779521000000000093e-07 4.166175000000000180e-07 3.945561999999999871e-07 3.391118999999999808e-07 2.991755999999999834e-07 2.431440999999999888e-07 1.170080999999999928e-06 1.189434000000000088e-06 1.017626000000000089e-06 9.936186000000000297e-07 9.963497999999999079e-07 1.035286999999999919e-06 1.012202000000000079e-06 9.782582999999999474e-07 9.222709999999999871e-07 8.436776999999999632e-07 7.741383999999999885e-07 6.978458000000000297e-07 6.406807000000000414e-07 5.537247999999999530e-07 4.581779999999999884e-07 3.919794999999999797e-07 2.932724000000000023e-07 2.213126999999999883e-07 1.588020999999999870e-07 1.343081999999999982e-07 1.175760999999999989e-07 7.442566000000000498e-08 7.078738999999999579e-08 3.565688000000000105e-08 3.705161000000000126e-08 4.549657000000000226e-08 2.852953000000000043e-08 2.138740999999999987e-08 6.226940999999999696e-07 6.410480000000000371e-07 6.896411999999999854e-07 7.494816000000000453e-07 7.164033999999999814e-07 5.223452000000000205e-07 4.327032000000000176e-07 4.066285999999999861e-07 2.549564000000000184e-07 1.870600000000000088e-07 9.858170999999999582e-08 4.933607999999999824e-08 2.999298000000000286e-08 -2.546851000000000059e-09 -3.247773000000000133e-08 -9.885306999999999435e-08 -1.449264999999999974e-07 -2.063765000000000084e-07 -1.839486999999999986e-07 -1.995488999999999903e-07 -2.353110000000000085e-07 -2.597003999999999979e-07 -2.395250999999999880e-07 -2.474163999999999919e-07 -2.317235999999999958e-07 -2.326775999999999923e-07 -2.547928000000000129e-07 -2.961729000000000223e-07
1.354021000000000025e-06 1.302573999999999948e-06 1.260632999999999904e-06 1.212952000000000021e-06 1.235553000000000052e-06 1.253547999999999996e-06 1.369609000000000019e-06 1.408000999999999930e-06 1.467900999999999983e-06 1.597950999999999907e-06 1.642498999999999917e-06 1.764560999999999994e-06 1.835292000000000020e-06 2.080673000000000145e-06 1.630023000000000063e-06 1.414667999999999946e-06 1.195495999999999921e-06 1.032273999999999970e-06 8.902375999999999856e-07 7.586261999999999907e-07 6.395179000000000041e-07 5.702809000000000307e-07 4.988482000000000319e-07 4.357671000000000058e-07 4.058903000000000198e-07 3.480044000000000189e-07 3.010366999999999946e-07 2.567334999999999874e-07 9.229445999999999886e-07 9.910838000000000248e-07 9.172194999999999898e-07 8.520258000000000511e-07 8.685397000000000438e-07 9.147686000000000350e-07 9.380063000000000446e-07 9.160294000000000247e-07 8.741902999999999978e-07 8.008883000000000473e-07 7.385611999999999762e-07 6.778606000000000156e-07 6.314749999999999553e-07 5.694601000000000105e-07 4.867429000000000141e-07 4.117337000000000230e-07 3.065344999999999977e-07 2.328016000000000006e-07 1.612239999999999884e-07 1.344594999999999872e-07 1.100900000000000018e-07 7.481491000000000299e-08 5.503579999999999972e-08 2.095177000000000074e-08 1.564411999999999953e-08 3.240509999999999680e-08 2.731175999999999958e-08 1.102633999999999979e-08 5.299008999999999828e-07 5.618847999999999943e-07 6.157231000000000324e-07 6.535971999999999838e-07 6.506128000000000196e-07 5.008784000000000417e-07 4.214687000000000238e-07 3.883750000000000085e-07 2.660943999999999955e-07 2.241401000000000127e-07 1.332091000000000040e-07 6.759636999999999743e-08 2.914547000000000151e-08 1.275861000000000005e-08 -1.853131999999999841e-08 -7.037068000000000581e-08 -1.244787000000000094e-07 -1.738649000000000099e-07 -1.809213000000000122e-07 -1.756988000000000063e-07 -2.095201999999999970e-07 -2.472778999999999805e-07 -2.515572000000000180e-07 -2.511609000000000160e-07 -2.126884999999999924e-07 -2.187185999999999929e-07 -2.452025000000000147e-07 -2.762705999999999778e-07
1.159130000000000030e-06 1.090062999999999985e-06 1.008763000000000018e-06 9.858047999999999945e-07 1.041768000000000094e-06 1.056196000000000043e-06 1.151645000000000093e-06 1.204754000000000095e-06 1.258041999999999957e-06 1.367648000000000098e-06 1.394387000000000004e-06 1.482695999999999898e-06 1.545242999999999962e-06 1.630023000000000063e-06 1.849743999999999997e-06 1.450827000000000052e-06 1.244146999999999898e-06 1.075847999999999986e-06 9.321117000000000257e-07 7.848512000000000022e-07 6.711127000000000323e-07 6.066239000000000273e-07 5.381644000000000223e-07 4.628904000000000062e-07 4.137460999999999967e-07 3.683045000000000009e-07 3.196892999999999747e-07 2.676415000000000213e-07 7.902367000000000077e-07 8.391215000000000008e-07 7.958342000000000417e-07 7.366462999999999939e-07 7.458385999999999643e-07 7.855058999999999479e-07 8.061599999999999607e-07 8.036974999999999610e-07 8.056886999999999531e-07 7.434220999999999638e-07 6.654568999999999560e-07 6.203177999999999988e-07 5.640998000000000442e-07 5.413045000000000280e-07 4.691142999999999776e-07 4.350410999999999766e-07 3.382353999999999795e-07 2.502567000000000124e-07 1.794919000000000113e-07 1.498119999999999918e-07 1.292005999999999982e-07 9.213598000000000550e-08 5.961428000000000354e-08 2.636374000000000020e-08 1.071206999999999938e-08 9.984470999999999859e-09 1.807403999999999976e-08 2.469051999999999840e-08 4.480240000000000154e-07 4.280557999999999941e-07 4.886086000000000359e-07 5.442589000000000111e-07 5.448251999999999942e-07 3.856163999999999986e-07 3.566489999999999797e-07 3.415006999999999790e-07 2.598138000000000153e-07 2.128321000000000017e-07 1.347998000000000051e-07 7.691287999999999673e-08 2.083085000000000154e-08 1.444989000000000086e-09 -1.823984999999999839e-08 -7.212572999999999346e-08 -1.055148000000000046e-07 -1.349222999999999984e-07 -1.404671999999999940e-07 -1.501723000000000059e-07 -1.766471999999999911e-07 -2.184314000000000007e-07 -2.124710999999999894e-07 -2.184899000000000009e-07 -2.023280000000000102e-07 -1.895906999999999905e-07 -2.130809000000000085e-07 -2.489440000000000089e-07
9.201424999999999955e-07 8.429197000000000037e-07 7.498615000000000075e-07 7.777691999999999657e-07 8.221866000000000336e-07 8.517368999999999537e-07 9.623367000000000201e-07 1.018247000000000078e-06 1.046976000000000070e-06 1.152678000000000020e-06 1.168631999999999952e-06 1.260634999999999959e-06 1.316909000000000083e-06 1.414667999999999946e-06 1.450827000000000052e-06 1.648567999999999943e-06 1.308292000000000026e-06 1.131254999999999895e-06 9.582549000000000874e-07 8.081831999999999891e-07 6.793003999999999700e-07 6.160719999999999860e-07 5.478626000000000449e-07 4.639253999999999886e-07 4.087004000000000219e-07 3.636562999999999871e-07 3.297494999999999842e-07 2.811908999999999745e-07 6.164849999999999514e-07 6.402099999999999868e-07 6.269633999999999958e-07 5.809000999999999594e-07 6.369571000000000226e-07 6.418364999999999915e-07 6.800157000000000426e-07 6.872917000000000344e-07 6.983527000000000036e-07 6.531683999999999846e-07 5.704187999999999832e-07 5.434772999999999931e-07 5.044646000000000159e-07 4.932280999999999669e-07 4.545130999999999805e-07 4.437795000000000068e-07 3.546517999999999809e-07 2.844936000000000111e-07 2.148099000000000103e-07 1.675187999999999952e-07 1.300056000000000111e-07 9.321578000000000171e-08 6.000138999999999436e-08 3.501613000000000241e-08 2.307287999999999901e-08 2.695554999999999880e-08 2.767815999999999947e-08 2.814545999999999930e-08 3.499531000000000024e-07 3.862081999999999973e-07 4.424580999999999960e-07 4.869189000000000019e-07 5.389300000000000222e-07 4.258354999999999885e-07 3.776120999999999989e-07 3.633862999999999986e-07 2.907767000000000073e-07 2.443809999999999964e-07 1.599229999999999954e-07 7.766156000000000287e-08 3.647388999999999759e-08 4.725379999999999868e-10 -3.972519999999999761e-08 -7.949264999999999680e-08 -1.017903999999999954e-07 -1.196755999999999973e-07 -1.104892000000000018e-07 -1.251602000000000013e-07 -1.449984999999999997e-07 -1.773194999999999885e-07 -1.695978999999999890e-07 -1.728603999999999959e-07 -1.503691999999999989e-07 -1.439763999999999868e-07 -1.607104000000000095e-07 -1.900524000000000085e-07
8.244627000000000125e-07 7.440428999999999689e-07 6.721977000000000185e-07 7.147235000000000273e-07 7.319490000000000117e-07 7.157337999999999844e-07 7.945086000000000421e-07 8.246481000000000057e-07 8.563469000000000460e-07 9.541539999999999028e-07 9.865996000000000381e-07 1.064652999999999918e-06 1.112857000000000050e-06 1.195495999999999921e-06 1.244146999999999898e-06 1.308292000000000026e-06 1.515603000000000022e-06 1.213606000000000074e-06 1.046888999999999998e-06 8.860938000000000356e-07 7.549239000000000516e-07 6.780953000000000144e-07 6.106092999999999883e-07 4.994967999999999785e-07 4.299352999999999945e-07 3.928353000000000130e-07 3.467514999999999932e-07 2.835210000000000147e-07 4.943050000000000048e-07 5.582266000000000443e-07 5.644276000000000083e-07 5.231076999999999984e-07 5.572713999999999564e-07 5.712685000000000176e-07 5.780937000000000383e-07 5.857361999999999825e-07 6.109690000000000494e-07 5.696702000000000291e-07 5.219810000000000469e-07 5.102634000000000162e-07 4.826387000000000349e-07 4.891449999999999771e-07 4.376477000000000259e-07 4.260224000000000231e-07 3.598665000000000150e-07 2.909188000000000017e-07 2.204565000000000127e-07 1.667575000000000028e-07 1.162051000000000060e-07 7.357487000000000031e-08 5.920712999999999715e-08 3.188373999999999934e-08 3.593342999999999965e-08 2.076762999999999894e-08 1.860440000000000081e-08 3.576556999999999936e-08 3.201162000000000167e-07 3.181255999999999777e-07 3.913901999999999970e-07 4.651381999999999768e-07 4.707547000000000060e-07 3.926642000000000123e-07 3.200495999999999888e-07 2.999013999999999752e-07 2.452514999999999909e-07 2.202974999999999912e-07 1.451662999999999941e-07 8.651498999999999429e-08 4.744050000000000053e-08 3.161477999999999823e-08 -9.648538999999999535e-09 -5.132383999999999882e-08 -8.103055999999999816e-08 -1.108985000000000054e-07 -1.094040999999999969e-07 -1.246502999999999975e-07 -1.363354000000000046e-07 -1.722286999999999969e-07 -1.655049999999999987e-07 -1.787890999999999926e-07 -1.577608999999999870e-07 -1.461045000000000097e-07 -1.463735999999999893e-07 -1.653497999999999974e-07
7.207655999999999885e-07 5.692083000000000267e-07 5.541261999999999793e-07 5.994103999999999607e-07 5.801917999999999742e-07 5.967019000000000527e-07 6.876933000000000451e-07 7.101796000000000021e-07 7.263335999999999494e-07 8.089555000000000469e-07 8.495503000000000101e-07 9.295844000000000161e-07 9.603964000000000143e-07 1.032273999999999970e-06 1.075847999999999986e-06 1.131254999999999895e-06 1.213606000000000074e-06 1.398333000000000085e-06 1.116783000000000002e-06 9.489108999999999741e-07 8.279584999999999689e-07 7.416164000000000100e-07 6.565970999999999523e-07 5.466569999999999696e-07 4.731781999999999880e-07 4.272698999999999950e-07 3.793415999999999880e-07 3.166488000000000078e-07 4.471200999999999884e-07 4.899305999999999997e-07 4.778515000000000487e-07 4.419681000000000227e-07 4.668079999999999803e-07 4.741552000000000105e-07 4.781495999999999553e-07 5.074048000000000517e-07 5.194501000000000014e-07 4.923861999999999572e-07 4.636621000000000051e-07 4.481099000000000149e-07 4.224835999999999914e-07 4.392684000000000081e-07 4.019739000000000046e-07 3.935376999999999836e-07 3.477812000000000199e-07 3.026720999999999909e-07 2.527191000000000200e-07 2.047378000000000058e-07 1.497527000000000013e-07 9.897607999999999804e-08 8.247604000000000298e-08 4.136278999999999712e-08 3.815669000000000258e-08 2.153274000000000148e-08 2.001218999999999849e-08 3.277174000000000041e-08 3.198568999999999847e-07 2.290176999999999901e-07 3.184362000000000175e-07 3.789521999999999752e-07 3.664500999999999946e-07 3.085408000000000254e-07 2.376348000000000124e-07 2.192168000000000125e-07 1.658614999999999927e-07 1.851826000000000028e-07 1.426343000000000082e-07 8.936730999999999504e-08 5.659732999999999981e-08 2.904205999999999887e-08 -4.588631999999999918e-09 -1.965011999999999914e-08 -4.146542999999999916e-08 -7.186698999999999441e-08 -7.119702000000000526e-08 -8.787784999999999965e-08 -1.051484999999999969e-07 -1.398967999999999878e-07 -1.354228999999999890e-07 -1.518947999999999871e-07 -1.481096999999999912e-07 -1.418637999999999948e-07 -1.509187999999999921e-07 -1.665831999999999878e-07
