f_ap_bin_1 = 0.422949214047292
f_ap_bin_2 = 0.7319545903815079
fsigma_8_bin_1 = 0.45638041089767806
fsigma_8_bin_2 = 0.4510322786218841
rs_dv_bin_1 = 0.10155063429028129
rs_dv_bin_2 = 0.06903824861347163
