# List of input/precision parameters actually read
# (all other parameters set to default values)
# Obtained with CLASS v2.6.3 (for developers: svn version 6142M)
#
# This file can be used as the input file of another run
#
h = 0.6898
T_cmb = 2.7255
Omega_b = 0.0473
N_ur = 3.046
Omega_cdm = 0.2432
Omega_dcdmdr = 0.0
Gamma_dcdm = 0.0
N_ncdm = 0
Omega_k = 0.
Omega_fld = 0
Omega_scf = 0
YHe = BBN
recombination = RECFAST
reio_parametrization = reio_camb
z_reio = 10.5
reionization_exponent = 1.5
reionization_width = 0.5
helium_fullreio_redshift = 3.5
helium_fullreio_width = 0.5
annihilation = 0.
decay = 0.
output = mPk,nCl
number count contributions = density
non linear = halofit
modes = s
lensing = no
ic = ad
gauge = synchronous
P_k_ini type = analytic_Pk
k_pivot = 0.05
A_s = 2.190290e-09
n_s = 0.969
alpha_s = 0.
l_max_lss = 9999
P_k_max_h/Mpc = 1000.0
z_pk = 0.0, 0.5, 1.0
selection = tophat
selection_mean = 0.032288765000000004, 0.097867805, 0.16557904, 0.23524375, 0.30712253, 0.381948985, 0.460070205, 0.53966281, 0.62092256, 0.7062597500000001, 0.7962596399999999, 0.89142769, 0.992182065, 1.0991340250000001, 1.212967215, 1.3344486, 1.4644414550000002, 1.60392076, 1.75399154, 1.91591084
selection_width = 0.032288765000000004, 0.033290275, 0.03442096, 0.03524374999999999, 0.03663503000000001, 0.038191425, 0.03992979499999999, 0.03966280999999999, 0.04159694000000003, 0.04374024999999998, 0.04625963999999999, 0.04890841000000001, 0.051845964999999994, 0.05510599500000002, 0.05872719500000001, 0.06275419000000004, 0.06723866499999998, 0.07224063999999997, 0.07783013999999999, 0.08408916
non_diagonal = 19
q_linstep = 1.3
l_switch_limber = 1500
l_switch_limber_for_nc_local_over_z = 1500
l_switch_limber_for_nc_los_over_z = 1500
selection_sampling_bessel = 20
selection_sampling_bessel_los = 20
selection_tophat_edge = 0.001
root = data/mockFootprint/falco/class/
headers = yes
format = class
write background = no
write thermodynamics = no
write primordial = no
write parameters = yeap
input_verbose = 1
background_verbose = 1
thermodynamics_verbose = 1
perturbations_verbose = 1
transfer_verbose = 1
primordial_verbose = 1
spectra_verbose = 1
nonlinear_verbose = 1
lensing_verbose = 1
output_verbose = 1
#
