bin_1 = 0.0020150042352015674
bin_2 = 0.00991891890161467
bin_3 = -0.02228469506832864
bin_4 = -0.014184874931864822
bin_5 = 0.0061463554925647035
