bin_1 = 0.002220038398819568
bin_2 = 0.009645541798026958
bin_3 = -0.02365551296691515
bin_4 = -0.014634212459887608
bin_5 = 0.005270204333328921
