a_s = 2.19029e-09
baryon_fraction = 0.16282271944922547
cs2_de = 1.0
h0 = 0.6898
hubble = 68.97999999999999
k = -0.0
k_s = 0.05000000074505806
massive_nu = 0
massless_nu = 3.046
n_run = 0.0
n_s = 0.969
ombh2 = 0.022506477092
omch2 = 0.11572040652799999
omega_b = 0.0473
omega_c = 0.2432
omega_k = 0.0
omega_lambda = 0.7095
omega_m = 0.2905
omega_nu = 0.0
ommh2 = 0.13822688362
omnuh2 = 0.0
r_t = 0.0
sigma_8 = 0.8259675215684934
tau = 0.089
w = -1.0
wa = 0.0
yhe = 0.23999999463558197
